CCI/Assign/Assignment 3/max.asc
ncols        87
nrows        86
xllcorner    68.333333333333
yllcorner    8.333333333333
cellsize     0.333333333333
NODATA_value  -9999
[rows 25 to 49 of 86, columns 0 to 55 of 87]
-9999 -9999 -9999 -9999 -9999 -9999 -9999 -9999 -9999 -9999 -9999 -9999 25.75 25.550001144409179688 25.575000762939453125 25.699998855590820312 25.600000381469726562 25.725000381469726562 25.524999618530273438 25.350000381469726562 25.100000381469726562 24.199998855590820312 22.800001144409179688 22.550001144409179688 22.175001144409179688 22.199998855590820312 22.65000152587890625 22.424999237060546875 22.25 22.300001144409179688 22.399999618530273438 22.475000381469726562 22.475000381469726562 22.575000762939453125 22.725000381469726562 22.75 23.024999618530273438 23.050001144409179688 -9999 -9999 -9999 -9999 -9999 -9999 -9999 -9999 -9999 -9999 -9999 -9999 -9999 -9999 -9999 -9999 -9999 -9999
-9999 -9999 -9999 -9999 -9999 -9999 -9999 -9999 -9999 -9999 -9999 25.824998855590820312 25.5 25.725000381469726562 25.850000381469726562 25.824998855590820312 25.850000381469726562 25.600000381469726562 25.524999618530273438 25.399999618530273438 25.049999237060546875 23.975000381469726562 23.550001144409179688 22.449998855590820312 22.149999618530273438 22.049999237060546875 22.274999618530273438 22.050001144409179688 22.175001144409179688 22.274999618530273438 22.475000381469726562 22.5 22.5 22.600000381469726562 22.700000762939453125 22.699998855590820312 23.149999618530273438 23.475000381469726562 23.625 -9999 -9999 -9999 -9999 -9999 -9999 -9999 -9999 -9999 -9999 -9999 -9999 -9999 -9999 -9999 -9999 -9999
-9999 -9999 -9999 -9999 -9999 25.774999618530273438 26.024999618530273438 -9999 -9999 26.350000381469726562 26.024999618530273438 25.774999618530273438 25.899999618530273438 25.924999237060546875 25.774999618530273438 25.75 25.600000381469726562 25.649999618530273438 25.799999237060546875 25.649999618530273438 24.5 23.675001144409179688 23.600000381469726562 22.850000381469726562 22.324998855590820312 22.375 22.350000381469726562 22.024999618530273438 22.024999618530273438 22.324998855590820312 22.449998855590820312 22.649999618530273438 22.825000762939453125 22.875 23 23.174999237060546875 23.5 23.675001144409179688 23.825000762939453125 23.824998855590820312 23.850000381469726562 23.200000762939453125 -9999 -9999 -9999 -9999 -9999 -9999 -9999 -9999 -9999 -9999 -9999 -9999 -9999 -9999
-9999 -9999 -9999 -9999 -9999 26.649999618530273438 26.550001144409179688 26.5 26.625 26.550001144409179688 26.074998855590820312 26 26.149999618530273438 26.100000381469726562 25.975000381469726562 25.975000381469726562 26.149999618530273438 26.074998855590820312 26.024999618530273438 24.899999618530273438 23.899999618530273438 23.550001144409179688 23.399999618530273438 22.799999237060546875 22.575000762939453125 22.5 22.324998855590820312 22.075000762939453125 22.050001144409179688 22.149999618530273438 22.575000762939453125 22.899999618530273438 23.100000381469726562 23.25 23.225000381469726562 23.375 23.700000762939453125 23.824998855590820312 23.875 23.975000381469726562 23.949998855590820312 23.975000381469726562 23.924999237060546875 -9999 -9999 -9999 -9999 -9999 -9999 -9999 -9999 -9999 -9999 -9999 -9999 -9999
-9999 -9999 -9999 -9999 27.350000381469726562 27.375 27 26.925001144409179688 27.024999618530273438 26.799999237060546875 26.475000381469726562 26.024999618530273438 25.899999618530273438 26.15000152587890625 26.25 26.324998855590820312 26.34999847412109375 26.40000152587890625 26.100000381469726562 24.75 24.575000762939453125 23.550001144409179688 23.274999618530273438 23.425001144409179688 23.199998855590820312 22.674999237060546875 22.25 22.175001144409179688 21.975000381469726562 22.350000381469726562 22.725000381469726562 23.25 23.524999618530273438 23.550001144409179688 23.524999618530273438 23.575000762939453125 23.975000381469726562 23.899999618530273438 23.875 24.050001144409179688 23.949998855590820312 23.924999237060546875 23.725000381469726562 23.575000762939453125 23.625 23.824998855590820312 24.550001144409179688 25.100000381469726562 25.075000762939453125 -9999 -9999 -9999 -9999 -9999 -9999 -9999
-9999 -9999 -9999 27.75 27.875 28.125 27.799999237060546875 27.174999237060546875 27.050001144409179688 27 26.975000381469726562 26.424999237060546875 26.375 26.375 26.225000381469726562 26.299999237060546875 25.725000381469726562 26.674999237060546875 26.174999237060546875 25.700000762939453125 25.625 24.774999618530273438 24.324998855590820312 24 23.475000381469726562 23 22.97499847412109375 22.925001144409179688 22.425001144409179688 22.75 23.200000762939453125 23.47499847412109375 23.65000152587890625 23.925001144409179688 24.050001144409179688 23.975000381469726562 24.15000152587890625 24.274999618530273438 24.175001144409179688 23.949998855590820312 23.975000381469726562 23.799999237060546875 23.725000381469726562 23.524999618530273438 23.375 23.575000762939453125 24.024999618530273438 24.399999618530273438 24.625 24.675001144409179688 -9999 -9999 -9999 -9999 -9999 -9999
-9999 -9999 -9999 -9999 -9999 -9999 28.399999618530273438 28 27.625 27.325000762939453125 27.5 27.25 26.924999237060546875 26.725000381469726562 27.200000762939453125 27.125 26.450000762939453125 26.600000381469726562 25.700000762939453125 25.824998855590820312 25.949998855590820312 25.475000381469726562 25.024999618530273438 24.27500152587890625 23.774999618530273438 23.649999618530273438 23.975000381469726562 23.725000381469726562 23.100000381469726562 23.125 23.325000762939453125 24 24.199998855590820312 24.199998855590820312 24.324998855590820312 24.5 24.449998855590820312 24.34999847412109375 24.299999237060546875 24.100000381469726562 24 23.824998855590820312 23.625 23.550001144409179688 23.5 23.575000762939453125 23.875 24.100000381469726562 24.449998855590820312 24.524999618530273438 24.375 24.34999847412109375 24.34999847412109375 24.449998855590820312 25.024999618530273438 -9999
-9999 -9999 -9999 -9999 -9999 29.100000381469726562 28.925001144409179688 28.475000381469726562 28.25 28.199998855590820312 28.199998855590820312 28.25 28.274999618530273438 27.975000381469726562 27.975000381469726562 27.800001144409179688 27.050001144409179688 26.350000381469726562 25.824998855590820312 26.100000381469726562 25.850000381469726562 25.174999237060546875 24.625 24.274999618530273438 23.899999618530273438 24.22499847412109375 24.175001144409179688 23.84999847412109375 23.824998855590820312 23.675001144409179688 23.924999237060546875 24.100000381469726562 24.149999618530273438 24.5 24.700000762939453125 24.699998855590820312 24.625 24.5 24.34999847412109375 24.175001144409179688 24.075000762939453125 23.949998855590820312 23.824998855590820312 23.850000381469726562 24 24 24.100000381469726562 24.225000381469726562 24.324998855590820312 24.475000381469726562 24.424999237060546875 24.424999237060546875 24.5 24.725000381469726562 25.024999618530273438 25.325000762939453125
-9999 -9999 -9999 -9999 -9999 -9999 29.375 29 28.649999618530273438 28.875 28.975000381469726562 28.824998855590820312 28.649999618530273438 28.625 28.325000762939453125 27.774999618530273438 26.975000381469726562 25.300001144409179688 25.899999618530273438 25.824998855590820312 25.524999618530273438 24.675001144409179688 24.625 24.25 24.350000381469726562 24.799999237060546875 24.175001144409179688 24.200000762939453125 24.075000762939453125 24 24.199998855590820312 24.274999618530273438 24.5 24.875 25.075000762939453125 25.125 25.125 24.800001144409179688 24.600000381469726562 24.175001144409179688 24.050001144409179688 23.949998855590820312 23.799999237060546875 23.949998855590820312 24.225000381469726562 24.274999618530273438 24.399999618530273438 24.475000381469726562 24.475000381469726562 24.449998855590820312 24.424999237060546875 24.524999618530273438 24.774999618530273438 25 25.274999618530273438 25.5
-9999 -9999 -9999 -9999 -9999 -9999 -9999 29.524999618530273438 29.375 29.575000762939453125 29.625 28.52500152587890625 28.325000762939453125 28.725000381469726562 28.325000762939453125 27.675001144409179688 25.425001144409179688 25.524999618530273438 25.799999237060546875 25.75 25.399999618530273438 24.649999618530273438 24.25 24.475000381469726562 24.25 25.300001144409179688 24.600000381469726562 24.625 24.5 24.850000381469726562 24.925001144409179688 24.674999237060546875 25.024999618530273438 25 25.175001144409179688 25.375 25.200000762939453125 25.15000152587890625 24.800001144409179688 24.300001144409179688 24.225000381469726562 23.949998855590820312 23.949998855590820312 23.899999618530273438 24.25 24.550001144409179688 24.725000381469726562 24.875 24.899999618530273438 24.899999618530273438 24.924999237060546875 24.925001144409179688 25.074998855590820312 25.15000152587890625 25.449998855590820312 25.75
-9999 -9999 -9999 -9999 -9999 -9999 -9999 -9999 30 30.100000381469726562 29.574998855590820312 29 28.950000762939453125 28.199998855590820312 27.625 25.524999618530273438 24.925001144409179688 25.84999847412109375 25.799999237060546875 25.175001144409179688 24.899999618530273438 25.100000381469726562 24.524999618530273438 24.100000381469726562 24.475000381469726562 25.65000152587890625 25.324998855590820312 25.25 24.949998855590820312 25.050001144409179688 25.100000381469726562 25.175001144409179688 25.074998855590820312 25.100000381469726562 25.225000381469726562 25.575000762939453125 25.274999618530273438 25.074998855590820312 25.100000381469726562 25.100000381469726562 24.75 24.5 24.425001144409179688 24.350000381469726562 24.524999618530273438 24.875 24.774999618530273438 24.925001144409179688 25.075000762939453125 25.024999618530273438 25.200000762939453125 25.299999237060546875 25.549999237060546875 25.549999237060546875 25.699998855590820312 26.225000381469726562
-9999 -9999 -9999 -9999 -9999 -9999 -9999 -9999 30.725000381469726562 30.674999237060546875 30.024999618530273438 29.799999237060546875 28.699998855590820312 27.649999618530273438 26.574998855590820312 24.274999618530273438 25.300001144409179688 25.774999618530273438 25.300001144409179688 25.024999618530273438 25.350000381469726562 25.125 25.225000381469726562 25.125 25.024999618530273438 25.550001144409179688 25.550001144409179688 25.300001144409179688 25.050001144409179688 24.899999618530273438 24.949998855590820312 25.200000762939453125 25.324998855590820312 25.299999237060546875 25.424999237060546875 25.25 25.024999618530273438 24.949998855590820312 24.725000381469726562 24.774999618530273438 24.59999847412109375 24.72499847412109375 24.875 24.450000762939453125 24.300001144409179688 24.425001144409179688 24.449998855590820312 25.325000762939453125 25.325000762939453125 25.300001144409179688 25.34999847412109375 25.424999237060546875 25.325000762939453125 25.925001144409179688 26.274999618530273438 26.625
-9999 -9999 -9999 -9999 -9999 -9999 -9999 -9999 29.799999237060546875 30.899999618530273438 29.324998855590820312 29.125 28.825000762939453125 27.100000381469726562 26.75 25.399999618530273438 25.950000762939453125 26.22499847412109375 25.574998855590820312 25.52500152587890625 25.699998855590820312 25.5 25.699998855590820312 25.800001144409179688 25.949998855590820312 26.375 26.100000381469726562 25.575000762939453125 25.475000381469726562 25.350000381469726562 24.97499847412109375 24.950000762939453125 25.350000381469726562 25.225000381469726562 25.475000381469726562 25.375 25.024999618530273438 25.100000381469726562 25.050001144409179688 24.875 24.875 24.875 24.75 24.925001144409179688 24.5 24.449998855590820312 24.75 25.02500152587890625 24.975000381469726562 25.225000381469726562 25 24.699998855590820312 25.049999237060546875 25.524999618530273438 26.074998855590820312 26.524999618530273438
-9999 28.350000381469726562 29.725000381469726562 30.850000381469726562 30.375 28.5 29.174999237060546875 30.199998855590820312 30.300001144409179688 30.975000381469726562 29.424999237060546875 29.375 29.375 28.5 27.399999618530273438 26.649999618530273438 27.325000762939453125 27.225000381469726562 26.725000381469726562 26.324998855590820312 26.350000381469726562 26.425001144409179688 26.475000381469726562 26.774999618530273438 27.424999237060546875 27.399999618530273438 26.549999237060546875 25.824998855590820312 25.600000381469726562 25.34999847412109375 25.5 25.550001144409179688 25.899999618530273438 25.824998855590820312 25.625 26 25.625 25.524999618530273438 25.25 25.25 24.924999237060546875 24.850000381469726562 24.75 24.524999618530273438 24.625 24.600000381469726562 24.925001144409179688 24.825000762939453125 24.324998855590820312 24.074998855590820312 24.149999618530273438 24.475000381469726562 25.324998855590820312 25.700000762939453125 26.324998855590820312 26.75
27.800001144409179688 29.5 29.700000762939453125 29.875 30.100000381469726562 28.549999237060546875 29.574998855590820312 30.75 31.225000381469726562 31.350000381469726562 30.699998855590820312 29.949998855590820312 29.324998855590820312 29.02500152587890625 28.050001144409179688 27.649999618530273438 27.975000381469726562 28.024999618530273438 27.75 27.024999618530273438 26.850000381469726562 27.024999618530273438 27 27.299999237060546875 27.5 27.5 26.625 26.225000381469726562 25.800001144409179688 25.825000762939453125 25.75 26.074998855590820312 25.899999618530273438 26.024999618530273438 26.125 26.050001144409179688 26.174999237060546875 26.024999618530273438 26 25.649999618530273438 24.774999618530273438 24.174999237060546875 24.125 24.625 24.274999618530273438 23.899999618530273438 24 24.075000762939453125 24.125 23.975000381469726562 24.049999237060546875 24.5 25.125 25.799999237060546875 26.324998855590820312 26.850000381469726562
29.649999618530273438 30.299999237060546875 30.100000381469726562 30.700000762939453125 30.949998855590820312 30.149999618530273438 30.475000381469726562 30.949998855590820312 31.375 31.549999237060546875 31.174999237060546875 30.325000762939453125 29.325000762939453125 29.050001144409179688 28.800001144409179688 28.575000762939453125 28.550001144409179688 27.975000381469726562 28.149999618530273438 28 27.399999618530273438 27.350000381469726562 27.024999618530273438 27.15000152587890625 27.125 26.725000381469726562 26.324998855590820312 25.975000381469726562 25.799999237060546875 25.975000381469726562 26.200000762939453125 26.25 26.22499847412109375 26.350000381469726562 25.799999237060546875 25.875 25.950000762939453125 26.200000762939453125 26 26.175001144409179688 25.100000381469726562 23.850000381469726562 23.625 24.25 24.299999237060546875 23.399999618530273438 22.850000381469726562 22.774999618530273438 22.899999618530273438 23.925001144409179688 24.075000762939453125 24.574998855590820312 25.299999237060546875 26.199998855590820312 26.550001144409179688 26.925001144409179688
-9999 30.233333587646484375 30.274999618530273438 29.975000381469726562 30.225000381469726562 30.274999618530273438 29.699998855590820312 30.600000381469726562 30.825000762939453125 31.225000381469726562 31.199998855590820312 30.399999618530273438 29.799999237060546875 29.299999237060546875 29.350000381469726562 29.024999618530273438 28.625 28.725000381469726562 29.100000381469726562 29.075000762939453125 28.074998855590820312 27.125 26.674999237060546875 26.899999618530273438 27.049999237060546875 26.75 26.549999237060546875 26.27500152587890625 26.674999237060546875 26.5 26.625 26.575000762939453125 26.125 26.075000762939453125 26.125 26.424999237060546875 26.75 26.225000381469726562 25.600000381469726562 26.574998855590820312 26.399999618530273438 26.225000381469726562 25.949998855590820312 25.600000381469726562 25.125 23.899999618530273438 23.100000381469726562 23.425001144409179688 24.375 24.774999618530273438 24.574998855590820312 25.050001144409179688 26.25 25.800001144409179688 26.625 27
-9999 -9999 -9999 30.550001144409179688 -9999 -9999 29.800001144409179688 30.649999618530273438 30.050001144409179688 30.449998855590820312 31.075000762939453125 30.149999618530273438 29.27500152587890625 29.225000381469726562 29.5 29.574998855590820312 29.125 28.600000381469726562 29.050001144409179688 28.975000381469726562 27.800001144409179688 26.875 26.475000381469726562 26.75 27.25 27.549999237060546875 27.449998855590820312 26.950000762939453125 26.774999618530273438 26.550001144409179688 26.5 26.350000381469726562 26.5 26.649999618530273438 26.824998855590820312 26.75 26.850000381469726562 26.899999618530273438 26.200000762939453125 25.800001144409179688 25.674999237060546875 26.149999618530273438 26.274999618530273438 25.450000762939453125 24.549999237060546875 25.324998855590820312 25.274999618530273438 24.799999237060546875 25 25.274999618530273438 24.950000762939453125 24.774999618530273438 25.825000762939453125 26.274999618530273438 26.225000381469726562 26.699998855590820312
-9999 -9999 -9999 -9999 -9999 29.90000152587890625 30.175001144409179688 30.300001144409179688 30.199998855590820312 30.674999237060546875 31.149999618530273438 30.924999237060546875 29.800001144409179688 29.100000381469726562 29.875 30.074998855590820312 29.5 28.800001144409179688 29.199998855590820312 29.375 28.725000381469726562 27.674999237060546875 27.625 28.350000381469726562 28.175001144409179688 28.050001144409179688 26.950000762939453125 26.824998855590820312 27.149999618530273438 26.399999618530273438 25.925001144409179688 25.699998855590820312 26.649999618530273438 26.949998855590820312 27.25 27.274999618530273438 26.774999618530273438 26.875 25.725000381469726562 25.674999237060546875 25.774999618530273438 26.274999618530273438 26.850000381469726562 25.850000381469726562 26.649999618530273438 26.5 27 26.649999618530273438 26.725000381469726562 26.300001144409179688 25.850000381469726562 25.375 26.625 26.399999618530273438 26.574998855590820312 27.25
-9999 -9999 29.59999847412109375 29.925001144409179688 30.100000381469726562 30.050001144409179688 30.350000381469726562 30.325000762939453125 30.175001144409179688 30.575000762939453125 31.125 30.925001144409179688 -9999 30.75 30.649999618530273438 30.824998855590820312 30.75 30.149999618530273438 30.350000381469726562 30.299999237060546875 30.074998855590820312 29.924999237060546875 29.800001144409179688 29.425001144409179688 29.074998855590820312 28.449998855590820312 27.524999618530273438 27.699998855590820312 27.524999618530273438 26.850000381469726562 26.024999618530273438 26.174999237060546875 26.725000381469726562 27 26.75 26.700000762939453125 26.274999618530273438 26.075000762939453125 27.024999618530273438 28.174999237060546875 27.975000381469726562 28.199998855590820312 28.125 28.024999618530273438 27.725000381469726562 27.5 27.5 27.825000762939453125 27.050001144409179688 27.049999237060546875 25.350000381469726562 25.550001144409179688 25.950000762939453125 25.925001144409179688 26.375 27.450000762939453125
-9999 -9999 -9999 30.100000381469726562 29.899999618530273438 30.300001144409179688 30.5 30.774999618530273438 30.975000381469726562 31 31.175001144409179688 -9999 -9999 31.799999237060546875 31.524999618530273438 31.225000381469726562 30.449998855590820312 30.100000381469726562 29.774999618530273438 30.675001144409179688 30.600000381469726562 30.25 30.399999618530273438 29.875 29.699998855590820312 29.049999237060546875 28.325000762939453125 27.875 27.524999618530273438 27.024999618530273438 27.5 27.175001144409179688 26.925001144409179688 26.975000381469726562 27.27500152587890625 27.774999618530273438 26.399999618530273438 26.799999237060546875 28.199998855590820312 28.449998855590820312 28.399999618530273438 28.699998855590820312 28.75 29 29.125 28.674999237060546875 28.25 28.649999618530273438 27.02500152587890625 27.049999237060546875 25.425001144409179688 25.899999618530273438 26.675001144409179688 24.074998855590820312 24.350000381469726562 27.34999847412109375
-9999 -9999 -9999 -9999 30.550001144409179688 30.674999237060546875 30.199998855590820312 30.875 31.549999237060546875 31.649999618530273438 30.975000381469726562 30.850000381469726562 -9999 31.674999237060546875 32.450000762939453125 31.549999237060546875 30.850000381469726562 31.225000381469726562 31.625 31.449998855590820312 31 29.675001144409179688 29.25 29.649999618530273438 29.600000381469726562 29.200000762939453125 27.324998855590820312 27.050001144409179688 28.125 28.125 28.600000381469726562 28.574998855590820312 27.899999618530273438 27.90000152587890625 28.350000381469726562 28.375 27.825000762939453125 27.125 28.699998855590820312 28.774999618530273438 28.899999618530273438 28.675001144409179688 28.174999237060546875 28.75 28.975000381469726562 29.024999618530273438 28.449998855590820312 28.25 27 27.524999618530273438 26.77500152587890625 25.725000381469726562 26.524999618530273438 25.5 26.125 27.299999237060546875
-9999 -9999 -9999 -9999 -9999 30.5 30.75 30.59999847412109375 31.47499847412109375 32.02500152587890625 31.550001144409179688 -9999 -9999 31.766666412353515625 31.924999237060546875 31.699998855590820312 31.575000762939453125 31.074998855590820312 31.899999618530273438 31.924999237060546875 31.375 30.725000381469726562 30.075000762939453125 29.550001144409179688 29.25 28.875 28.975000381469726562 29.475000381469726562 29.524999618530273438 29.225000381469726562 28.699998855590820312 28.949998855590820312 29.050001144409179688 28.59999847412109375 28.550001144409179688 28.25 28.175001144409179688 28.425001144409179688 28.799999237060546875 28.899999618530273438 29 28.800001144409179688 28.75 29.024999618530273438 29.125 29.375 28.774999618530273438 27.924999237060546875 27.425001144409179688 27.924999237060546875 27.850000381469726562 26.825000762939453125 26.225000381469726562 27.524999618530273438 27.725000381469726562 -9999
-9999 -9999 -9999 -9999 -9999 -9999 31.600000381469726562 32.299999237060546875 32.75 -9999 -9999 -9999 -9999 -9999 31.625 31.149999618530273438 30.050001144409179688 30.175001144409179688 31.375 31.899999618530273438 31.649999618530273438 31.399999618530273438 30.875 30.299999237060546875 30.274999618530273438 30.424999237060546875 30.199998855590820312 30.075000762939453125 29.850000381469726562 29.600000381469726562 29.625 29.399999618530273438 29.449998855590820312 29.149999618530273438 29.100000381469726562 28.475000381469726562 28.325000762939453125 28.75 28.774999618530273438 28.774999618530273438 29.050001144409179688 28.574998855590820312 28.800001144409179688 28.550001144409179688 29.09999847412109375 29.375 29.524999618530273438 29.149999618530273438 28.399999618530273438 27.450000762939453125 28.449998855590820312 28 27.725000381469726562 27.850000381469726562 27.625 27.299999237060546875
-9999 -9999 -9999 -9999 -9999 -9999 -9999 -9999 -9999 -9999 -9999 -9999 -9999 -9999 31.675001144409179688 30.924999237060546875 29.399999618530273438 30.200000762939453125 31.325000762939453125 31.674999237060546875 30.949998855590820312 29.949998855590820312 29.375 28.574998855590820312 29.350000381469726562 29.800001144409179688 29.875 29.850000381469726562 29.975000381469726562 29.699998855590820312 29.924999237060546875 30.049999237060546875 29.800001144409179688 29.574998855590820312 29.324998855590820312 29.225000381469726562 28.225000381469726562 28.675001144409179688 28.75 29.049999237060546875 28.450000762939453125 28.024999618530273438 27.924999237060546875 29.375 29.25 29.325000762939453125 27.524999618530273438 26.375 27.024999618530273438 27.174999237060546875 27.574998855590820312 28 27.949998855590820312 27.875 27.675001144409179688 -9999
