CCI/Assign/Assignment 3/min.asc
ncols        87
nrows        86
xllcorner    68.333333333333
yllcorner    8.333333333333
cellsize     0.333333333333
NODATA_value  -9999
[rows 25 to 49 of 86, columns 0 to 55 of 87]
-9999 -9999 -9999 -9999 -9999 -9999 -9999 -9999 -9999 -9999 -9999 -9999 8.5249996185302734375 8.4499998092651367188 8.375 8.3500003814697265625 8.3249998092651367188 8.2250003814697265625 8.1000003814697265625 8 7.9500002861022949219 7.875 7.7750000953674316406 8.0749998092651367188 8.1499996185302734375 8.25 9.0749998092651367188 8.8249998092651367188 8.6999998092651367188 8.8249998092651367188 8.9499998092651367188 9.25 9.5749998092651367188 9.8999996185302734375 10.274999618530273438 10.649999618530273438 10.899999618530273438 11.25 -9999 -9999 -9999 -9999 -9999 -9999 -9999 -9999 -9999 -9999 -9999 -9999 -9999 -9999 -9999 -9999 -9999 -9999
-9999 -9999 -9999 -9999 -9999 -9999 -9999 -9999 -9999 -9999 -9999 8.6999998092651367188 8.6999998092651367188 8.6999998092651367188 8.6999998092651367188 8.5749998092651367188 8.3999996185302734375 8.2250003814697265625 8.0500001907348632812 7.9749999046325683594 7.9000000953674316406 7.7249999046325683594 7.75 7.7750000953674316406 7.9500002861022949219 7.9749999046325683594 8.3999996185302734375 8.5 8.5749998092651367188 8.75 8.8500003814697265625 9.0500001907348632812 9.3500003814697265625 9.6499996185302734375 10.050000190734863281 10.324999809265136719 10.725000381469726562 10.850000381469726562 10.925000190734863281 -9999 -9999 -9999 -9999 -9999 -9999 -9999 -9999 -9999 -9999 -9999 -9999 -9999 -9999 -9999 -9999 -9999
-9999 -9999 -9999 -9999 -9999 8.5249996185302734375 8.6750001907348632812 -9999 -9999 9 9.0249996185302734375 8.9250001907348632812 8.8999996185302734375 8.9499998092651367188 8.7749996185302734375 8.5749998092651367188 8.375 8.25 8.25 8.0749998092651367188 7.75 7.7750000953674316406 7.9499998092651367188 7.7750000953674316406 7.8750004768371582031 8.1000003814697265625 8.3249998092651367188 8.3500003814697265625 8.4250001907348632812 8.6750001907348632812 8.75 8.8999996185302734375 9.1499996185302734375 9.6999998092651367188 9.9750003814697265625 10.25 10.574999809265136719 10.774999618530273438 10.625 10.575000762939453125 10.300000190734863281 9.7749996185302734375 -9999 -9999 -9999 -9999 -9999 -9999 -9999 -9999 -9999 -9999 -9999 -9999 -9999 -9999
-9999 -9999 -9999 -9999 -9999 8.9250001907348632812 9.125 9.4250001907348632812 9.4750003814697265625 9.4499998092651367188 9.3000001907348632812 9.3000001907348632812 9.3249998092651367188 8.8999996185302734375 8.7749996185302734375 8.7250003814697265625 8.6750001907348632812 8.6750001907348632812 8.4750003814697265625 8.1000003814697265625 7.8000001907348632812 7.625 7.6500000953674316406 7.8250002861022949219 8.3999996185302734375 8.1499996185302734375 8.125 8.2250003814697265625 8.2250003814697265625 8.375 8.625 8.8999996185302734375 9.1999998092651367188 9.5500001907348632812 9.9750003814697265625 10.299999237060546875 10.524999618530273438 10.675000190734863281 10.575000762939453125 10.449999809265136719 10.149999618530273438 9.75 9.6750001907348632812 -9999 -9999 -9999 -9999 -9999 -9999 -9999 -9999 -9999 -9999 -9999 -9999 -9999
-9999 -9999 -9999 -9999 9.0749998092651367188 9.3500003814697265625 9.8500003814697265625 10.324999809265136719 10.100000381469726562 9.8249998092651367188 9.6750001907348632812 9.625 9.3000001907348632812 9.1499996185302734375 9.1750001907348632812 9.25 9.3999996185302734375 9 8.6000003814697265625 8.4750003814697265625 8.2749996185302734375 7.9000000953674316406 8.0500001907348632812 8.375 8.5249996185302734375 8.3249998092651367188 8.1000003814697265625 8.0500001907348632812 8.1500005722045898438 8.3000001907348632812 8.6499996185302734375 8.9499998092651367188 9.3000001907348632812 9.5249996185302734375 9.9250001907348632812 10.150000572204589844 10.375 10.424999237060546875 10.425000190734863281 10.300000190734863281 10.125 9.8000001907348632812 9.7749996185302734375 10.074999809265136719 10.425000190734863281 10.800000190734863281 11.25 11.425000190734863281 11.524999618530273438 -9999 -9999 -9999 -9999 -9999 -9999 -9999
-9999 -9999 -9999 9.125 9.1499996185302734375 9.5500001907348632812 10.024999618530273438 10.675000190734863281 10.375 10.024999618530273438 10.199999809265136719 9.9250001907348632812 9.625 9.75 9.8999996185302734375 9.9499998092651367188 9.6750001907348632812 9.2749996185302734375 8.8999996185302734375 8.9250001907348632812 8.9750003814697265625 8.6999998092651367188 8.9750003814697265625 8.625 8.4750003814697265625 8.375 8.3999996185302734375 8.3249998092651367188 8.1750001907348632812 8.375 8.6750001907348632812 9.0749998092651367188 9.4250001907348632812 9.6999998092651367188 9.9250001907348632812 10.075000762939453125 10.175000190734863281 10.324999809265136719 10.300000190734863281 10.225000381469726562 10.075000762939453125 9.9499998092651367188 9.8500003814697265625 10.100000381469726562 10.350000381469726562 10.649999618530273438 10.949999809265136719 11.125 11.25 11.200000762939453125 -9999 -9999 -9999 -9999 -9999 -9999
-9999 -9999 -9999 -9999 -9999 -9999 10.074999809265136719 10.324999809265136719 10.399999618530273438 10.449999809265136719 10.324999809265136719 10.225000381469726562 10.550000190734863281 10.725000381469726562 10.75 10.524999618530273438 10.300000190734863281 9.7250003814697265625 9.3249998092651367188 9.2749996185302734375 9.3500003814697265625 9.2749996185302734375 9.1750001907348632812 8.8999996185302734375 8.8000001907348632812 8.5749998092651367188 8.7250003814697265625 8.7750005722045898438 8.5500001907348632812 8.5249996185302734375 8.6750001907348632812 9.1999998092651367188 9.6000003814697265625 9.8249998092651367188 9.9250001907348632812 10.125 10.100000381469726562 10.100000381469726562 10.25 10.199999809265136719 10.075000762939453125 10.050000190734863281 10.175000190734863281 10.425000190734863281 10.550000190734863281 10.774999618530273438 10.975000381469726562 11.024999618530273438 11.050000190734863281 10.975000381469726562 10.800000190734863281 10.675000190734863281 10.625 10.875 11.25 -9999
-9999 -9999 -9999 -9999 -9999 9.7250003814697265625 10.100000381469726562 10.324999809265136719 10.574999809265136719 10.675000190734863281 10.75 11.050000190734863281 11.425000190734863281 11.5 11.399999618530273438 11.100000381469726562 10.699999809265136719 10.449999809265136719 9.8000001907348632812 9.7250003814697265625 9.7749996185302734375 9.7250003814697265625 9.5500001907348632812 9.3249998092651367188 9.2250003814697265625 9.3000001907348632812 9.2749996185302734375 9 8.9750003814697265625 8.875 9.0500001907348632812 9.4250001907348632812 9.6000003814697265625 9.9499998092651367188 10.175000190734863281 10.175000190734863281 10.225000381469726562 10.299999237060546875 10.349999427795410156 10.324999809265136719 10.225000381469726562 10.25 10.324999809265136719 10.675000190734863281 11.074999809265136719 11.200000762939453125 11.175000190734863281 11.175000190734863281 11.125 11 10.925000190734863281 10.850000381469726562 10.875 11.125 11.375 11.5
-9999 -9999 -9999 -9999 -9999 -9999 10.050000190734863281 10.324999809265136719 10.725000381469726562 11.050000190734863281 11.350000381469726562 11.824999809265136719 11.850000381469726562 11.75 11.725000381469726562 11.475000381469726562 11.100000381469726562 10.549999237060546875 10.100000381469726562 10.200000762939453125 10.199999809265136719 10.399999618530273438 9.8999996185302734375 9.6999998092651367188 9.625 9.5249996185302734375 9.1999998092651367188 8.9499998092651367188 9.1000003814697265625 9.1999998092651367188 9.4250001907348632812 9.6499996185302734375 9.8500003814697265625 10.175000190734863281 10.399999618530273438 10.600000381469726562 10.700000762939453125 10.625 10.524999618530273438 10.550000190734863281 10.375 10.449999809265136719 10.550000190734863281 10.875 11.199999809265136719 11.375 11.324999809265136719 11.324999809265136719 11.175000190734863281 11 11 11.074999809265136719 11.074999809265136719 11.375 11.524999618530273438 11.449999809265136719
-9999 -9999 -9999 -9999 -9999 -9999 -9999 10.324999809265136719 10.975000381469726562 11.399999618530273438 11.800000190734863281 12.149999618530273438 12.324999809265136719 12.074999809265136719 11.774999618530273438 11.600000381469726562 10.875 10.274999618530273438 10.425000190734863281 10.574999809265136719 10.800000190734863281 10.899999618530273438 10.699999809265136719 10.350000381469726562 9.7749996185302734375 9.875 9.5 9.0249996185302734375 9.5500001907348632812 9.7250003814697265625 9.9750003814697265625 10.050000190734863281 10 10.125 10.475000381469726562 10.725000381469726562 10.975000381469726562 10.850000381469726562 10.75 10.649999618530273438 10.725000381469726562 10.675000190734863281 10.675000190734863281 10.899999618530273438 11.274999618530273438 11.550000190734863281 11.625 11.550000190734863281 11.375 11.125 11.100000381469726562 11.149999618530273438 11.375 11.600000381469726562 11.725000381469726562 11.550000190734863281
-9999 -9999 -9999 -9999 -9999 -9999 -9999 -9999 11.274999618530273438 11.850000381469726562 12.149999618530273438 12.199999809265136719 12.399999618530273438 12.350000381469726562 12.050000190734863281 11.225000381469726562 10.449999809265136719 10.524999618530273438 10.75 10.949999809265136719 10.975000381469726562 11.300000190734863281 11.324999809265136719 10.625 10.25 10.5 10.075000762939453125 9.7250003814697265625 9.7250003814697265625 10.125 10.475000381469726562 10.274999618530273438 10.175000190734863281 10.024999618530273438 10.350000381469726562 10.800000190734863281 11.100000381469726562 10.975000381469726562 10.949999809265136719 11.024999618530273438 11 10.949999809265136719 11.074999809265136719 11.300000190734863281 11.600000381469726562 11.75 11.975000381469726562 12.024999618530273438 11.75 11.350000381469726562 11.25 11.449999809265136719 11.625 11.975000381469726562 12.075000762939453125 11.850000381469726562
-9999 -9999 -9999 -9999 -9999 -9999 -9999 -9999 11.824999809265136719 12.225000381469726562 12.425000190734863281 12.475000381469726562 12.725000381469726562 12.475000381469726562 12 10.650000572204589844 10.675000190734863281 10.699999809265136719 10.975000381469726562 11.225000381469726562 11.25 11.949999809265136719 11.125 11.050000190734863281 10.800000190734863281 10.774999618530273438 10.449999809265136719 9.9750003814697265625 9.9750003814697265625 10.774999618530273438 10.550000190734863281 10.399999618530273438 10.399999618530273438 10.125 10.574999809265136719 10.824999809265136719 10.625 10.424999237060546875 10.675000190734863281 10.649999618530273438 10.649999618530273438 10.925000190734863281 11.050000190734863281 10.75 11.074999809265136719 11.425000190734863281 11.899999618530273438 12.475000381469726562 11.975000381469726562 11.449999809265136719 11.5 11.75 11.949999809265136719 12.225000381469726562 12.199999809265136719 12.050000190734863281
-9999 -9999 -9999 -9999 -9999 -9999 -9999 -9999 13.225000381469726562 12.550000190734863281 12.425000190734863281 12.375 12.899999618530273438 12.75 12.475000381469726562 11.349999427795410156 11.5 11.175000190734863281 10.949999809265136719 10.949999809265136719 10.925000190734863281 11.649999618530273438 10.800000190734863281 11.050000190734863281 11.324999809265136719 11.25 10.950000762939453125 10.350000381469726562 10.425000190734863281 11.050000190734863281 10.725000381469726562 10.600000381469726562 10.649999618530273438 10.524999618530273438 10.75 10.475000381469726562 10.350000381469726562 10.625 10.699999809265136719 10.774999618530273438 10.925000190734863281 11.175000190734863281 11.175000190734863281 11.449999809265136719 11.524999618530273438 11.549999237060546875 12 12.050000190734863281 11.850000381469726562 11.75 11.399999618530273438 11.5 11.625 11.774999618530273438 11.949999809265136719 12.074999809265136719
-9999 14.125 13.75 13.199999809265136719 13.125 13.649999618530273438 13.050000190734863281 13.025000572204589844 13.324999809265136719 12.725000381469726562 12.649999618530273438 12.699999809265136719 12.824999809265136719 13.149999618530273438 12.824999809265136719 12.100000381469726562 12.625 12.399999618530273438 11.975000381469726562 10.975000381469726562 10.675000190734863281 10.850000381469726562 10.800000190734863281 11.225000381469726562 11.824999809265136719 11.975000381469726562 11.425000190734863281 10.75 10.924999237060546875 11 11.024999618530273438 11.125 10.975000381469726562 10.899999618530273438 10.675000190734863281 10.725000381469726562 10.725000381469726562 11.074999809265136719 11.675000190734863281 11.324999809265136719 11.199999809265136719 11.25 11.350000381469726562 12.399999618530273438 11.625 11.600000381469726562 11.925000190734863281 11.774999618530273438 11.475000381469726562 11.175000190734863281 10.975000381469726562 11.324999809265136719 12.024999618530273438 12.274999618530273438 12.475000381469726562 12.600000381469726562
14.700000762939453125 14.574999809265136719 14.199999809265136719 13.324999809265136719 13.375 13.800000190734863281 13.25 13.050000190734863281 13.149999618530273438 12.975000381469726562 12.800000190734863281 12.800000190734863281 12.774999618530273438 12.949999809265136719 12.975000381469726562 12.75 13 12.949999809265136719 12.524999618530273438 10.899999618530273438 10.375 10.600000381469726562 10.850000381469726562 11.25 11.625 11.824999809265136719 11.649999618530273438 11.375 11.399999618530273438 11.425000190734863281 11.350000381469726562 11.399999618530273438 11.350000381469726562 11.225000381469726562 11.050000190734863281 10.824999809265136719 11 11.199999809265136719 11.425000190734863281 11.550000190734863281 11.424999237060546875 11.274999618530273438 11.475000381469726562 11.699999809265136719 11.399999618530273438 11.350000381469726562 11.399999618530273438 11.675000190734863281 11.5 11.274999618530273438 11.675000190734863281 11.975000381469726562 12.599999427795410156 12.875 13.225000381469726562 13.449999809265136719
14.699999809265136719 14.5 13.925000190734863281 13.399999618530273438 12.875 13.425000190734863281 12.899999618530273438 12.975000381469726562 13.324999809265136719 13.199999809265136719 13.075000762939453125 13 12.899999618530273438 13.024999618530273438 13.125 13.25 13.375 13.175000190734863281 12.800000190734863281 11.25 10.199999809265136719 10.449999809265136719 10.625 11.199999809265136719 11.324999809265136719 11.399999618530273438 11.449999809265136719 11.574999809265136719 11.675000190734863281 11.675000190734863281 11.625 11.699999809265136719 11.725000381469726562 11.625 11.074999809265136719 10.800000190734863281 10.975000381469726562 11.100000381469726562 11.574999809265136719 11.725000381469726562 11.5 11.125 11.024999618530273438 11.725000381469726562 11.350000381469726562 10.949999809265136719 10.574999809265136719 10.75 10.850000381469726562 10.975000381469726562 11.324999809265136719 12.125 12.75 13.175000190734863281 13.524999618530273438 13.625
-9999 14.900000572204589844 14.524999618530273438 13.875 13.399999618530273438 13.599999427795410156 13.524999618530273438 13.450000762939453125 13.375 13.350000381469726562 13.399999618530273438 13.274999618530273438 13.625 13.375 13.350000381469726562 13.600000381469726562 13.800000190734863281 13.300000190734863281 12.824999809265136719 11.800000190734863281 10.675000190734863281 10.350000381469726562 10.600000381469726562 10.899999618530273438 11.324999809265136719 11.375 11.550000190734863281 12.199999809265136719 12.725000381469726562 12.850000381469726562 12.600000381469726562 12.399999618530273438 12.175000190734863281 11.599999427795410156 11.199999809265136719 10.975000381469726562 10.675000190734863281 10.524999618530273438 10.825000762939453125 11.649999618530273438 12.024999618530273438 12.350000381469726562 12.375 12.074999809265136719 11.625 10.875 10.225000381469726562 10.600000381469726562 11.25 11.600000381469726562 11.699999809265136719 12.524999618530273438 13.350000381469726562 13.225000381469726562 13.5 13.75
-9999 -9999 -9999 14.75 -9999 -9999 13.5 13.024999618530273438 13.024999618530273438 13.149999618530273438 13.449999809265136719 13.524999618530273438 13.649999618530273438 13.600000381469726562 13.675000190734863281 13.800000190734863281 13.824999809265136719 13.475000381469726562 13.149999618530273438 12.024999618530273438 10.949999809265136719 10.475000381469726562 10.675000190734863281 11 11.649999618530273438 12.25 12.75 13.225000381469726562 13.475000381469726562 13.149999618530273438 12.899999618530273438 12.600000381469726562 12.225000381469726562 11.825000762939453125 11.699999809265136719 11.400000572204589844 11.175000190734863281 11.050000190734863281 10.675000190734863281 10.725000381469726562 11.924999237060546875 12.774999618530273438 13.524999618530273438 12.875 11.799999237060546875 11.949999809265136719 12.399999618530273438 11.899999618530273438 12.425000190734863281 12.399999618530273438 12.574999809265136719 12.849999427795410156 13.375 13.550000190734863281 13.475000381469726562 13.975000381469726562
-9999 -9999 -9999 -9999 -9999 13.800000190734863281 13.300000190734863281 13.199999809265136719 13.324999809265136719 13.175000190734863281 13.399999618530273438 13.399999618530273438 13.574999809265136719 13.675000190734863281 13.900000572204589844 14.149999618530273438 14.274999618530273438 13.899999618530273438 13.400000572204589844 13.050000190734863281 12.375 11.524999618530273438 11.824999809265136719 12.899999618530273438 13.149999618530273438 13.199999809265136719 13.175000190734863281 13.375 13.774999618530273438 13.475000381469726562 12.675000190734863281 11.899999618530273438 11.75 11.975000381469726562 11.900000572204589844 11.725000381469726562 11.5 11.399999618530273438 11.449999809265136719 12.100000381469726562 13.175000190734863281 13.699999809265136719 14.200000762939453125 13.975000381469726562 14.024999618530273438 13.149999618530273438 13.5 13.5 13.675000190734863281 13.625 13.574999809265136719 13.149999618530273438 13.399999618530273438 13.475000381469726562 13.975000381469726562 14.274999618530273438
-9999 -9999 17 15.925000190734863281 15.024999618530273438 14.274999618530273438 13.774999618530273438 13.699999809265136719 13.325000762939453125 13.425000190734863281 13.625 13.699999809265136719 -9999 14.024999618530273438 14.25 14.375 14.5 14.225000381469726562 14.350000381469726562 14.175000190734863281 13.875 13.850000381469726562 13.675000190734863281 13.774999618530273438 14.199999809265136719 13.899999618530273438 13.399999618530273438 13.274999618530273438 13.350000381469726562 13.325000762939453125 12.050000190734863281 11.725000381469726562 12.050000190734863281 12.475000381469726562 12.824999809265136719 12.774999618530273438 11.925000190734863281 11.600000381469726562 12.850000381469726562 13.824999809265136719 14.299999237060546875 14.675000190734863281 14.824999809265136719 14.899999618530273438 14.774999618530273438 14.324999809265136719 14.199999809265136719 14.225000381469726562 14.175000190734863281 14.225000381469726562 13.324999809265136719 12.799999237060546875 12.949999809265136719 13.299999237060546875 14.024999618530273438 14.600000381469726562
-9999 -9999 -9999 16.266666412353515625 15.949999809265136719 15.300000190734863281 14.75 14.300000190734863281 13.975000381469726562 13.975000381469726562 13.725000381469726562 -9999 -9999 14.550000190734863281 14.649999618530273438 14.774999618530273438 14.625 14.125 13.800000190734863281 14.024999618530273438 13.875 13.75 13.850000381469726562 13.625 13.75 13.899999618530273438 13.850000381469726562 13.574999809265136719 12.850000381469726562 12.324999809265136719 12.850000381469726562 13.300000190734863281 13.050000190734863281 13.524999618530273438 13.850000381469726562 13.824999809265136719 12.800000190734863281 12.649999618530273438 13.800000190734863281 14.125 14.550000190734863281 14.800000190734863281 14.949999809265136719 15.125 15.050000190734863281 15.074999809265136719 14.824999809265136719 14.350000381469726562 14 14.300000190734863281 13.074999809265136719 12.875 13.324999809265136719 12.324999809265136719 13.100000381469726562 14.899999618530273438
-9999 -9999 -9999 -9999 16.15000152587890625 15.875 15.5 14.800000190734863281 14.675000190734863281 14.475000381469726562 14.524999618530273438 14.350000381469726562 -9999 15.050000190734863281 15.100000381469726562 14.699999809265136719 14.975000381469726562 14.875 14.850000381469726562 14.649999618530273438 14.300000190734863281 13.625 13.475000381469726562 14.050000190734863281 14.350000381469726562 14.375 13.925000190734863281 13.399999618530273438 13.850000381469726562 14.024999618530273438 14 14.150000572204589844 14.225000381469726562 14.274999618530273438 14.475000381469726562 14.399999618530273438 14.074999809265136719 13.675000190734863281 14.199999809265136719 14.449999809265136719 14.699999809265136719 14.675000190734863281 14.850000381469726562 14.899999618530273438 15.074999809265136719 15 15.274999618530273438 14.375 14.199999809265136719 14.899999618530273438 14.574999809265136719 13.274999618530273438 13.850000381469726562 13.875 14.574999809265136719 15.233333587646484375
-9999 -9999 -9999 -9999 -9999 16.399999618530273438 16.225000381469726562 15.75 15.675000190734863281 15.675000190734863281 15.100000381469726562 -9999 -9999 15.566666603088378906 15.449999809265136719 15.5 15.25 14.074999809265136719 14.649999618530273438 14.899999618530273438 14.975000381469726562 14.949999809265136719 15.049999237060546875 15.125 15.125 14.949999809265136719 14.925000190734863281 15.149999618530273438 15.024999618530273438 15.149999618530273438 14.399999618530273438 14.274999618530273438 14.475000381469726562 14.449999809265136719 14.625 14.5 14.399999618530273438 14.324999809265136719 14.524999618530273438 14.600000381469726562 14.575000762939453125 14.725000381469726562 14.625 14.899999618530273438 15.049999237060546875 15.100000381469726562 15.149999618530273438 14.75 14.675000190734863281 15.074999809265136719 15.449999809265136719 15.074999809265136719 14.649999618530273438 15.5 15.600000381469726562 -9999
-9999 -9999 -9999 -9999 -9999 -9999 16.899999618530273438 17.050001144409179688 17 -9999 -9999 -9999 -9999 -9999 15.649999618530273438 15.274999618530273438 13.800000190734863281 13.199999809265136719 14.225000381469726562 14.849999427795410156 15.050000190734863281 15.300000190734863281 15.375 15.424999237060546875 15.5 15.5 15.5 15.625 15.824999809265136719 15.649999618530273438 15.350000381469726562 14.925000190734863281 14.774999618530273438 14.524999618530273438 14.625 14.824999809265136719 14.274999618530273438 14.475000381469726562 14.5 14.399999618530273438 14.550000190734863281 14.475000381469726562 14.600000381469726562 14.800000190734863281 15.175000190734863281 15.324999809265136719 15.399999618530273438 15.424999237060546875 15.350000381469726562 14.925000190734863281 15.675000190734863281 15.899999618530273438 15.975000381469726562 16.049999237060546875 16.024999618530273438 16.366666793823242188
-9999 -9999 -9999 -9999 -9999 -9999 -9999 -9999 -9999 -9999 -9999 -9999 -9999 -9999 15.875 14.825000762939453125 13.175000190734863281 13.399999618530273438 14.100000381469726562 14.700000762939453125 14.75 14.450000762939453125 14.725000381469726562 15 15.550000190734863281 15.649999618530273438 15.625 15.675000190734863281 16.024999618530273438 16.075000762939453125 15.649999618530273438 15.225000381469726562 14.975000381469726562 14.850000381469726562 14.725000381469726562 14.799999237060546875 14.399999618530273438 14.25 14.25 14.449999809265136719 14.100000381469726562 14.199999809265136719 14.149999618530273438 15 15.175000190734863281 15.550000190734863281 14.824999809265136719 14.074999809265136719 15.050000190734863281 15.625 15.899999618530273438 16.274999618530273438 16.424999237060546875 16.524999618530273438 16.5 -9999
