CCI/Assign/Assignment 3/precision.asc
ncols        87
nrows        86
xllcorner    68.333333333333
yllcorner    8.333333333333
cellsize     0.333333333333
NODATA_value  -9999
[rows 26 to 51 of 86, columns 0 to 57 of 87]
-9999 -9999 -9999 -9999 -9999 -9999 -9999 -9999 -9999 -9999 -9999 5.5750002861022949219 5.9749999046325683594 6 5.9749999046325683594 5.0750002861022949219 4.7750000953674316406 5 5.875 6 5.5250000953674316406 4.9749999046325683594 5.6500000953674316406 7.3000001907348632812 8.8999996185302734375 10.75 12.800000190734863281 14.824999809265136719 15.875 16.899999618530273438 18.375 19.899999618530273438 21.125 22.824998855590820312 25.950000762939453125 27.449998855590820312 27.524999618530273438 27.975000381469726562 26.674999237060546875 -9999 -9999 -9999 -9999 -9999 -9999 -9999 -9999 -9999 -9999 -9999 -9999 -9999 -9999 -9999 -9999 -9999 -9999 -9999
-9999 -9999 -9999 -9999 -9999 3.2749998569488525391 3.2749998569488525391 -9999 -9999 3.7999999523162841797 4.1749997138977050781 4.6500000953674316406 5.0500001907348632812 5.4000000953674316406 5.3499999046325683594 4.9250001907348632812 4.9749999046325683594 5 5.7000002861022949219 5.4500002861022949219 4.5749998092651367188 4.0250000953674316406 5.0500001907348632812 6.4250001907348632812 8.4499998092651367188 9.8999996185302734375 10.925000190734863281 12.625 14 15.075000762939453125 16.850000381469726562 18.09999847412109375 20.075000762939453125 22.174999237060546875 24.899999618530273438 27 27.875 28.824998855590820312 28.975000381469726562 26.550001144409179688 22.149999618530273438 18.649999618530273438 -9999 -9999 -9999 -9999 -9999 -9999 -9999 -9999 -9999 -9999 -9999 -9999 -9999 -9999 -9999 -9999
-9999 -9999 -9999 -9999 -9999 2.0249998569488525391 2.0249998569488525391 2.2249999046325683594 2.6000001430511474609 2.9750001430511474609 3.25 3.875 4.125 4.4000000953674316406 4.4000000953674316406 4.0499997138977050781 4.1999998092651367188 4.875 5 5 4.9000000953674316406 4.4250001907348632812 5.5500001907348632812 6.5749998092651367188 8.4499998092651367188 8.9750003814697265625 9.8249998092651367188 11.75 14.524999618530273438 16.325000762939453125 17.100000381469726562 18.100000381469726562 20.125 22.924999237060546875 25.149999618530273438 26.600000381469726562 28 30.149999618530273438 31.725000381469726562 29.600000381469726562 24.850000381469726562 20.875 17.549999237060546875 -9999 -9999 -9999 -9999 -9999 -9999 -9999 -9999 -9999 -9999 -9999 -9999 -9999 -9999 -9999
-9999 -9999 -9999 -9999 1.5499999523162841797 1.2250000238418579102 1.6749999523162841797 2 2 2.125 2.7999999523162841797 3 3.2249999046325683594 3.7999999523162841797 3.9249999523162841797 3.9750001430511474609 4 4.1999998092651367188 4.875 4.9749999046325683594 5 5.1749997138977050781 6.2749996185302734375 6.5500001907348632812 7.0999999046325683594 7.75 8.8999996185302734375 11.074999809265136719 15.199999809265136719 17.475000381469726562 17.625 18.550001144409179688 20.225000381469726562 23.350000381469726562 24.924999237060546875 25.899999618530273438 26.75 28.274999618530273438 30 28.550001144409179688 24.350000381469726562 21.549999237060546875 20.625 19.274999618530273438 18.600000381469726562 19.72499847412109375 20.824998855590820312 19.125 17.174999237060546875 -9999 -9999 -9999 -9999 -9999 -9999 -9999 -9999 -9999
-9999 -9999 -9999 1.4499999284744262695 1 1 1 1.7250000238418579102 2 2 2.0249998569488525391 2.7749998569488525391 3 3 3 3.125 3.7999999523162841797 3.9750001430511474609 4.2000002861022949219 4.4000000953674316406 4.5500001907348632812 5.0999999046325683594 5.9499998092651367188 6.6500000953674316406 7.0500001907348632812 7.4749999046325683594 9.0249996185302734375 11.225000381469726562 14.475000381469726562 16.049999237060546875 16.425001144409179688 17.399999618530273438 20.174999237060546875 23.074998855590820312 24.675001144409179688 24.675001144409179688 24 24.100000381469726562 25.84999847412109375 24.850000381469726562 22 19.824998855590820312 19.875 19.574998855590820312 19.925001144409179688 20.875 20.850000381469726562 19.125 18.274999618530273438 17.424999237060546875 -9999 -9999 -9999 -9999 -9999 -9999 -9999 -9999
-9999 -9999 -9999 -9999 -9999 -9999 1 1.0249999761581420898 1.1999999284744262695 2 2 2.1749999523162841797 2.9750001430511474609 3 3 3 3 3.2249999046325683594 4.3000001907348632812 4.1750001907348632812 4.2750000953674316406 5 5.1749997138977050781 6.3499999046325683594 7.75 8.6000003814697265625 10.175000190734863281 11.75 14.075000762939453125 15.949999809265136719 15.399999618530273438 15.325000762939453125 18.550001144409179688 22.225000381469726562 23.600000381469726562 23.600000381469726562 22.875 22.25 22.375 21.524999618530273438 19.524999618530273438 18 18.725000381469726562 19.575000762939453125 19.399999618530273438 19.899999618530273438 18.975000381469726562 17.84999847412109375 18.699998855590820312 18.850000381469726562 18.575000762939453125 18.774999618530273438 15.625 14.074999809265136719 13.449999809265136719 -9999 -9999 -9999
-9999 -9999 -9999 -9999 -9999 1 1 1.3999999761581420898 1.7999999523162841797 2.0750000476837158203 2.2000000476837158203 2.0249998569488525391 2 2.7249999046325683594 3 3 3 3 3.5249998569488525391 4.0250000953674316406 4.8499999046325683594 4.7000002861022949219 4.6500000953674316406 6.25 8.3000001907348632812 10.225000381469726562 11.524999618530273438 13.225000381469726562 15.375 16.375 15.275000572204589844 13.649999618530273438 16.875 20.5 21.699998855590820312 23.125 24.199998855590820312 23.175001144409179688 21.475000381469726562 20.049999237060546875 18.125 17.050001144409179688 17.699998855590820312 18.649999618530273438 19.700000762939453125 19.399999618530273438 17.425001144409179688 17.149999618530273438 18.350000381469726562 19.200000762939453125 17.574998855590820312 16.5 15.824999809265136719 15.225000381469726562 14.024999618530273438 11.050000190734863281 9.875 10.425000190734863281
-9999 -9999 -9999 -9999 -9999 -9999 1.7999999523162841797 2.0499999523162841797 2.6499998569488525391 2.9750001430511474609 3 2.6749999523162841797 2.1749999523162841797 2.5250000953674316406 3 3 3.0249998569488525391 3.0249998569488525391 3.3500001430511474609 4.2000002861022949219 5.0250000953674316406 5.1749997138977050781 5.0999999046325683594 6.3000001907348632812 8.125 10.024999618530273438 12.175000190734863281 14.300000190734863281 16.225000381469726562 16.649999618530273438 14.825000762939453125 14.074999809265136719 16.125 18.450000762939453125 18.725000381469726562 19.799999237060546875 22.274999618530273438 21.899999618530273438 21.274999618530273438 19.700000762939453125 17.850000381469726562 17.699998855590820312 17.800001144409179688 18.25 19.574998855590820312 19.074998855590820312 17.350000381469726562 18.175001144409179688 19.149999618530273438 18.774999618530273438 16.350000381469726562 14.75 14.775000572204589844 16.274999618530273438 14.675000190734863281 11.050000190734863281 11.375 12.949999809265136719
-9999 -9999 -9999 -9999 -9999 -9999 -9999 2.4749999046325683594 3 3 3 3 3 3 3.0499999523162841797 3.5499999523162841797 3.8500001430511474609 3.8250000476837158203 3.9750001430511474609 4.5500001907348632812 5.0999999046325683594 6 5.9250001907348632812 6.3000001907348632812 7.6000003814697265625 9.8999996185302734375 12.125 14.225000381469726562 16.375 17.299999237060546875 15.925000190734863281 15.25 16.5 18.175001144409179688 18.149999618530273438 18.524999618530273438 19.699998855590820312 18.424999237060546875 18.649999618530273438 19.074998855590820312 18.800001144409179688 18.875 19.125 19.47499847412109375 20.175001144409179688 19.574998855590820312 18.375 19.149999618530273438 19.149999618530273438 17.825000762939453125 16.225000381469726562 15.324999809265136719 16.049999237060546875 18.399999618530273438 16.925001144409179688 12.975000381469726562 13.375 15.100000381469726562
-9999 -9999 -9999 -9999 -9999 -9999 -9999 -9999 2.875 3 3 3 3 3 3.7750000953674316406 4.0250000953674316406 4.0250000953674316406 4.0250000953674316406 4.75 5 5.0499997138977050781 5.875 6.2249999046325683594 7.2000002861022949219 8.3500003814697265625 10.050000190734863281 12.199999809265136719 14.625 17.5 19.899999618530273438 19.75 18.975000381469726562 19.524999618530273438 21.350000381469726562 21.649999618530273438 21.424999237060546875 20.5 18 16.875 18.200000762939453125 19.024999618530273438 19.549999237060546875 20.625 21.825000762939453125 21.649999618530273438 20.600000381469726562 19.600000381469726562 20.125 19.824998855590820312 18.300001144409179688 17.024999618530273438 16.574998855590820312 18.175001144409179688 20.175001144409179688 18.800001144409179688 15.899999618530273438 15.699999809265136719 16
-9999 -9999 -9999 -9999 -9999 -9999 -9999 -9999 2 2.1499998569488525391 2.7000000476837158203 3 3 3.2249999046325683594 4 4 4 4.0250000953674316406 4.8000001907348632812 5 5 5.0750002861022949219 6.5250000953674316406 8.0749998092651367188 9.0500001907348632812 10.375 12.300000190734863281 14.824999809265136719 18.125 21.824998855590820312 23.725000381469726562 22.75 21.899999618530273438 23.274999618530273438 24.125 24.824998855590820312 24.149999618530273438 20.950000762939453125 18.949998855590820312 20.149999618530273438 21.049999237060546875 20.674999237060546875 21.25 22.675001144409179688 22.949998855590820312 22.274999618530273438 21.024999618530273438 21 21.300001144409179688 19.149999618530273438 17.25 17.5 18.600000381469726562 19.25 18 15.899999618530273438 15.324999809265136719 15.774999618530273438
-9999 -9999 -9999 -9999 -9999 -9999 -9999 -9999 1.5249999761581420898 1.875 2.0249998569488525391 2.8500001430511474609 3 3.1000001430511474609 3.375 4 3.75 3.5499999523162841797 3.9750001430511474609 4.625 4.5499997138977050781 4.75 6.2999997138977050781 8.75 9.9250001907348632812 10.449999809265136719 11.75 13.699999809265136719 17.25 21.475000381469726562 24.25 23.550001144409179688 21.625 22.774999618530273438 24.75 26.125 27.074998855590820312 25.575000762939453125 24.924999237060546875 24.449998855590820312 22.600000381469726562 20.175001144409179688 19.850000381469726562 20.950000762939453125 22.274999618530273438 22.350000381469726562 20.75 20.875 21.899999618530273438 19.699998855590820312 17.350000381469726562 16.72499847412109375 16.174999237060546875 15.949999809265136719 15.399999618530273438 14.524999618530273438 14.125 15.725000381469726562
-9999 1 1 1.0249999761581420898 1.6000000238418579102 1.5499999523162841797 1.0249999761581420898 1 1 1.3999999761581420898 2 2.25 2.6500000953674316406 2.9750001430511474609 3 3.2249999046325683594 3.0249998569488525391 2.7249999046325683594 2.7749998569488525391 3.6499998569488525391 4 4.2750000953674316406 6.0250000953674316406 8.9750003814697265625 10.725000381469726562 10.949999809265136719 11 11.875 16 19.524999618530273438 20.924999237060546875 20.924999237060546875 20.675001144409179688 21.225000381469726562 22.600000381469726562 25.575000762939453125 27.625 27.274999618530273438 27.674999237060546875 25.649999618530273438 22.074998855590820312 18.975000381469726562 17.574998855590820312 18.225000381469726562 20.125 20.625 19.225000381469726562 19.59999847412109375 21.649999618530273438 22.699998855590820312 21.100000381469726562 17.75 13.574999809265136719 13.399999618530273438 13.649999618530273438 13.824999809265136719 14 15.625
1.5500000715255737305 0.97500002384185791016 0.77499997615814208984 1 1.0750000476837158203 1 1 1 1 1.4249999523162841797 2 2 2 2.1749999523162841797 2.8999998569488525391 3 3 2.125 2.1500000953674316406 3.3250000476837158203 4.3249998092651367188 5.4250001907348632812 7.625 10.25 11.649999618530273438 11.949999809265136719 11.274999618530273438 11.949999809265136719 15.949999809265136719 17.449998855590820312 17.5 18.25 19.449998855590820312 19.175001144409179688 19.450000762939453125 21.699998855590820312 23.399999618530273438 25.049999237060546875 26.049999237060546875 24.350000381469726562 20.5 17.399999618530273438 15.449999809265136719 14.949999809265136719 17.100000381469726562 18.574998855590820312 18.675001144409179688 19.125 21.5 23.375 21.399999618530273438 17.424999237060546875 12.225000381469726562 11.825000762939453125 12.449999809265136719 12.75 13.274999618530273438 13.975000381469726562
1.4499999284744262695 1 1 1 1 1 1.1750000715255737305 1 1 1.5500000715255737305 2 2 2 2 2.1000001430511474609 2.6499998569488525391 2.9750001430511474609 2.8500001430511474609 2.8250000476837158203 3.6749999523162841797 5.3000001907348632812 6.7249999046325683594 9 10.75 11.274999618530273438 11.399999618530273438 11.925000190734863281 13.399999618530273438 16.299999237060546875 16.274999618530273438 16.075000762939453125 17.199998855590820312 18.350000381469726562 18.800001144409179688 17.975000381469726562 17.799999237060546875 19.350000381469726562 21.424999237060546875 22.25 21.274999618530273438 19 16.725000381469726562 14.149999618530273438 12.324999809265136719 14.825000762939453125 17.5 19.274999618530273438 21.649999618530273438 24.725000381469726562 25.125 22.449998855590820312 16.424999237060546875 11.175000190734863281 10.5 11.5 11 10.850000381469726562 11.600000381469726562
-9999 1.5666666030883789062 1.25 1.1000000238418579102 1.7000000476837158203 1.7749999761581420898 1.5749999284744262695 1 1 1.6999999284744262695 2 2 2 2 2 2 2.1000001430511474609 2.8999998569488525391 3 3.7000000476837158203 4.9500002861022949219 6.2249999046325683594 8.0749998092651367188 9.2250003814697265625 9.3000001907348632812 9.6499996185302734375 11.199999809265136719 13.599999427795410156 16.024999618530273438 17.549999237060546875 17.375 17.175001144409179688 17.699998855590820312 18.375 17.575000762939453125 16.175001144409179688 17.375 19.449998855590820312 20.425001144409179688 19.074998855590820312 17.125 14.200000762939453125 10.475000381469726562 10.324999809265136719 13.399999618530273438 16.625 18.475000381469726562 21.450000762939453125 24.799999237060546875 24.925001144409179688 21.125 14.774999618530273438 9.875 10.600000381469726562 11.824999809265136719 10.800000190734863281 10.225000381469726562 11.475000381469726562
-9999 -9999 -9999 2 -9999 -9999 1.25 1 1 1.6999999284744262695 1.6750000715255737305 1.9250000715255737305 2 2 2 2 2 2.1000001430511474609 2.6749999523162841797 3.0750000476837158203 4.0999999046325683594 5.5250000953674316406 6.8250002861022949219 7.5999999046325683594 7.7999997138977050781 8.3249998092651367188 9.7749996185302734375 11.925000190734863281 14.449999809265136719 16.450000762939453125 16.399999618530273438 16.024999618530273438 16.174999237060546875 16.200000762939453125 15.725000381469726562 15.449999809265136719 16.325000762939453125 17.25 17.950000762939453125 19.125 18.524999618530273438 15.050000190734863281 10.75 10.550000190734863281 13.800000190734863281 14.850000381469726562 15.800000190734863281 19.09999847412109375 21.850000381469726562 21.225000381469726562 16.674999237060546875 13.449999809265136719 11.024999618530273438 10.925000190734863281 11.550000190734863281 10.350000381469726562 9.8999996185302734375 11.725000381469726562
-9999 -9999 -9999 -9999 -9999 1 1 1 1 1 1 1.6999999284744262695 2 2 2 1.625 1.0500000715255737305 1.5249999761581420898 2 2.875 3.875 5.4500002861022949219 6.5750002861022949219 6.8250002861022949219 6.9500002861022949219 7.7249999046325683594 9.125 10.225000381469726562 11.125 12.824999809265136719 14.699999809265136719 14.975000381469726562 15.125 14.699999809265136719 14.024999618530273438 14.274999618530273438 16.199998855590820312 17.550001144409179688 16.975000381469726562 16.699998855590820312 16.049999237060546875 14.300000190734863281 11.350000381469726562 10.875 10.774999618530273438 13.699999809265136719 14.925000190734863281 16.075000762939453125 16.149999618530273438 15.300000190734863281 13.074999809265136719 11.649999618530273438 11.024999618530273438 11.875 11.5 10.199999809265136719 10.425000190734863281 12.675000190734863281
-9999 -9999 1.7999999523162841797 1 0.97500002384185791016 1 1 1 1 1 1 1.4499999284744262695 -9999 1.7749999761581420898 1.4750000238418579102 1 1 1.1000000238418579102 2.125 3.1499998569488525391 3.8999998569488525391 4.9000000953674316406 5.8000001907348632812 6 6.5250000953674316406 7.4500002861022949219 9.0500001907348632812 9.9250001907348632812 9.4750003814697265625 11 14.149999618530273438 14.975000381469726562 15.549999237060546875 14.5 12.600000381469726562 12.425000190734863281 15.375 16.299999237060546875 15.550000190734863281 14.174999237060546875 12.024999618530273438 10.875 10.100000381469726562 9.3500003814697265625 10.100000381469726562 12.574999809265136719 14.475000381469726562 15.050000190734863281 14.700000762939453125 13.274999618530273438 12.475000381469726562 11.824999809265136719 11.550000190734863281 12.850000381469726562 13.100000381469726562 11.925000190734863281 10.875 12
-9999 -9999 -9999 0.96666663885116577148 0.92500001192092895508 0.82499998807907104492 1 1 0.875 0.52499997615814208984 0.55000001192092895508 -9999 -9999 1 1 0.97500002384185791016 0.89999997615814208984 1.2000000476837158203 1.9500000476837158203 2.9000000953674316406 3.5250000953674316406 4.0750002861022949219 5.0250000953674316406 6.2249999046325683594 6.9749999046325683594 7.625 9.6000003814697265625 10.825000762939453125 11.399999618530273438 12.850000381469726562 13.524999618530273438 14.325000762939453125 15.100000381469726562 14.25 12.175000190734863281 11.25 12.425000190734863281 12.424999237060546875 11.75 10.324999809265136719 7.9000000953674316406 7.4749999046325683594 8.2749996185302734375 8.8500003814697265625 9.3999996185302734375 11.625 13.800000190734863281 14.175000190734863281 14.600000381469726562 13.375 14.100000381469726562 13.625 13.675000190734863281 16.199998855590820312 17.475000381469726562 14.925000190734863281 13.325000762939453125 13.725000381469726562
-9999 -9999 -9999 -9999 1 0.85000002384185791016 0.34999999403953552246 0.22499999403953552246 0 0 0.42500001192092895508 1 -9999 0.97500002384185791016 1 1 1.7250000238418579102 3.0999999046325683594 3.625 3.4500000476837158203 3.7749998569488525391 4.3499999046325683594 5.75 6.6749997138977050781 6.9000000953674316406 7.7750000953674316406 11.575000762939453125 14.475000381469726562 13.175000190734863281 12.024999618530273438 12.549999237060546875 13.475000381469726562 14.550000190734863281 14.25 12.699999809265136719 11.75 10.475000381469726562 10.074999809265136719 9.1750001907348632812 7.4000000953674316406 5.0250000953674316406 4.9000000953674316406 7.125 9.1750001907348632812 10.149999618530273438 11.699999809265136719 13.225000381469726562 14.275000572204589844 14.550000190734863281 13.375 14.024999618530273438 16.100000381469726562 16.399999618530273438 17.725000381469726562 17.75 15.800000190734863281 -9999 -9999
-9999 -9999 -9999 -9999 -9999 1 0.55000001192092895508 0 0.25 0.80000001192092895508 1 -9999 -9999 0.16666667163372039795 0.875 1.5249999761581420898 2.25 2.3499999046325683594 3.4249999523162841797 3.9500000476837158203 4.7000002861022949219 5.0250000953674316406 5.125 5.5750002861022949219 6.625 7.8999996185302734375 10.774999618530273438 12.800000190734863281 12.725000381469726562 11.5 12.649999618530273438 12.975000381469726562 13.649999618530273438 14.175000190734863281 13.125 11.725000381469726562 10.175000190734863281 8.7749996185302734375 7.2750000953674316406 5.7000002861022949219 4.125 4.3499999046325683594 6.2249999046325683594 8.7749996185302734375 10.725000381469726562 11.625 12.300000190734863281 13.050000190734863281 13.300000190734863281 12.649999618530273438 12.600000381469726562 14.324999809265136719 16.625 16.675001144409179688 15.225000381469726562 -9999 -9999 -9999
-9999 -9999 -9999 -9999 -9999 -9999 0.89999997615814208984 0.30000001192092895508 1 -9999 -9999 -9999 -9999 -9999 0.52499997615814208984 1.1749999523162841797 1.5249999761581420898 1.625 2.6499998569488525391 3.5249998569488525391 4.625 4.875 4.8250002861022949219 4.8000001907348632812 4.6500000953674316406 5.375 7.7750000953674316406 10.324999809265136719 11.600000381469726562 10.475000381469726562 10.850000381469726562 10.875 10.925000190734863281 11.075000762939453125 10.799999237060546875 10.200000762939453125 9.5500001907348632812 8.375 6.6999998092651367188 4.5999999046325683594 3.3999998569488525391 4.3250002861022949219 5.5999999046325683594 7.9500002861022949219 10.324999809265136719 11.675000190734863281 11.274999618530273438 11.225000381469726562 12.074999809265136719 13.050000190734863281 12.024999618530273438 12.324999809265136719 13.150000572204589844 13.850000381469726562 12.574999809265136719 12.133333206176757812 -9999 -9999
-9999 -9999 -9999 -9999 -9999 -9999 -9999 -9999 -9999 -9999 -9999 -9999 -9999 -9999 0.42500001192092895508 1 1.0249999761581420898 1.6499999761581420898 2.375 3.0499999523162841797 3.7749998569488525391 3.7999999523162841797 3.7999999523162841797 4.875 4.4749999046325683594 4.5749998092651367188 6.6500000953674316406 8.0999994277954101562 8.1750001907348632812 8.7749996185302734375 8.25 7.75 7.6500000953674316406 7.2750000953674316406 7.4000000953674316406 7.7000002861022949219 8.0500001907348632812 7.8250002861022949219 6.875 5.4000000953674316406 4.7750000953674316406 5.1749997138977050781 6.4500002861022949219 7.2249999046325683594 10.024999618530273438 11.550000190734863281 12.950000762939453125 14.800000190734863281 13.899999618530273438 12.925000190734863281 12.725000381469726562 11.800000190734863281 11.600000381469726562 11.449999809265136719 11.125 -9999 -9999 -9999
-9999 -9999 -9999 -9999 -9999 -9999 -9999 -9999 -9999 -9999 -9999 -9999 -9999 0.30000001192092895508 0.69999998807907104492 1 1 1.5 2 2.4249999523162841797 3 3 2.2999999523162841797 2.9249999523162841797 4.1749997138977050781 5.0500001907348632812 6.2750000953674316406 6.375 5.2750000953674316406 5.4749999046325683594 5.2750000953674316406 4.875 5.0750002861022949219 5.2000002861022949219 5.2999997138977050781 5.8499999046325683594 6.5250000953674316406 6.7750000953674316406 7.0999999046325683594 7.1500000953674316406 6.875 6.7750000953674316406 7 7.8499999046325683594 9.8500003814697265625 11.625 13.949999809265136719 15.949999809265136719 14.700000762939453125 13.425000190734863281 12.825000762939453125 11.75 11.050000190734863281 10.899999618530273438 -9999 -9999 -9999 -9999
-9999 -9999 -9999 -9999 -9999 -9999 -9999 -9999 -9999 -9999 -9999 -9999 -9999 1 1 1 1.0249999761581420898 1.0500000715255737305 1.5499999523162841797 1.9750000238418579102 2.4749999046325683594 2.9500000476837158203 2.3999998569488525391 2.7000000476837158203 3.75 4.9250001907348632812 5.5499997138977050781 5.4000000953674316406 4.2249999046325683594 3.5250000953674316406 3.0750000476837158203 3.2999999523162841797 3.8999998569488525391 4.0999999046325683594 4.875 5.0250000953674316406 5.3250002861022949219 5.9000000953674316406 6.6750001907348632812 7.6500000953674316406 8 8.0500001907348632812 8.1000003814697265625 8.6750001907348632812 10.149999618530273438 11.550000190734863281 13.475000381469726562 15.125 12.975000381469726562 13.699999809265136719 13.600000381469726562 -9999 11 -9999 -9999 -9999 -9999 -9999
