CCI/Assign/Assignment 3/OUTPUT/Potato.asc
ncols         87
nrows         86
xllcorner     68.333333333333
yllcorner     8.333333333333
cellsize      0.333333333333
NODATA_value  -9999
[rows 30 to 59 of 86, columns 0 to 65 of 87]
-9999 -9999 -9999 5.26188E-1 6.22982E-1 6.30359E-1 6.91966E-1 6.18962E-1 5.43579E-1 5.23529E-1 5.31839E-1 3.94493E-1 3.40467E-1 3.47206E-1 3.65018E-1 3.63998E-1 3.96169E-1 3.16464E-1 3.29696E-1 3.63214E-1 3.73065E-1 4.21612E-1 4.79885E-1 4.82188E-1 5.01106E-1 5.21651E-1 5.52073E-1 5.88581E-1 6.58419E-1 6.62385E-1 6.64316E-1 6.80486E-1 6.96151E-1 7.01498E-1 7.10571E-1 7.2431E-1 7.23894E-1 7.2855E-1 7.30063E-1 7.35563E-1 7.26065E-1 7.26431E-1 7.22783E-1 7.48642E-1 7.71277E-1 7.81975E-1 7.82664E-1 7.79041E-1 7.74566E-1 7.6811E-1 -9999 -9999 -9999 -9999 -9999 -9999 -9999 -9999 -9999 -9999 8.58245E-1 7.94251E-1 -9999 -9999 -9999 -9999
-9999 -9999 -9999 -9999 -9999 -9999 6.44226E-1 6.90301E-1 6.86083E-1 5.26317E-1 5.03713E-1 4.77925E-1 3.58704E-1 3.7871E-1 3.48972E-1 3.4172E-1 3.72873E-1 3.34302E-1 3.84779E-1 3.71843E-1 3.69496E-1 4.07624E-1 4.35375E-1 4.83829E-1 5.22982E-1 5.27714E-1 5.52002E-1 5.95284E-1 6.49199E-1 6.56962E-1 6.59256E-1 6.66805E-1 6.84681E-1 6.98438E-1 6.98877E-1 7.04883E-1 7.05906E-1 7.10858E-1 7.23412E-1 7.29412E-1 7.26404E-1 7.3317E-1 7.49886E-1 7.69156E-1 7.79398E-1 7.90422E-1 7.91358E-1 7.8584E-1 7.72318E-1 7.63771E-1 7.59317E-1 7.5203E-1 7.50184E-1 7.52223E-1 7.24867E-1 -9999 -9999 -9999 -9999 6.23809E-1 -9999 7.59125E-1 7.79038E-1 7.63395E-1 7.01989E-1 7.01153E-1
-9999 -9999 -9999 -9999 -9999 5.58614E-1 6.0035E-1 5.60802E-1 5.04829E-1 4.54923E-1 4.33244E-1 4.86085E-1 5.14471E-1 3.88515E-1 3.33932E-1 3.29471E-1 3.55917E-1 3.88138E-1 3.92634E-1 3.77483E-1 4.09887E-1 4.52018E-1 4.79727E-1 5.10967E-1 5.57134E-1 5.82572E-1 6.0674E-1 6.3278E-1 6.58532E-1 6.57627E-1 6.59444E-1 6.59735E-1 6.87817E-1 6.9457E-1 6.94439E-1 6.93523E-1 7.0215E-1 7.17319E-1 7.28587E-1 7.35485E-1 7.34108E-1 7.41799E-1 7.51922E-1 7.73434E-1 7.92177E-1 8.00075E-1 7.95427E-1 7.90439E-1 7.82578E-1 7.67755E-1 7.65833E-1 7.61422E-1 7.60101E-1 7.60516E-1 7.43289E-1 6.75429E-1 6.39353E-1 6.42953E-1 6.28129E-1 6.21134E-1 -9999 -9999 7.03548E-1 6.95745E-1 7.01233E-1 7.553E-1
-9999 -9999 -9999 -9999 -9999 -9999 3.75887E-1 3.79463E-1 3.16095E-1 2.67051E-1 2.72402E-1 3.57522E-1 4.72853E-1 3.95859E-1 3.28521E-1 3.50682E-1 3.82755E-1 4.68088E-1 4.02657E-1 4.27363E-1 4.62565E-1 5.42871E-1 5.11059E-1 5.38876E-1 5.61896E-1 5.59217E-1 6.1319E-1 6.32682E-1 6.5576E-1 6.6619E-1 6.74002E-1 6.75488E-1 6.8982E-1 6.82551E-1 6.82412E-1 6.91873E-1 6.97351E-1 7.178E-1 7.267E-1 7.50838E-1 7.455E-1 7.54907E-1 7.67807E-1 7.82326E-1 7.90848E-1 7.99892E-1 7.92491E-1 7.88997E-1 7.79043E-1 7.69047E-1 7.71259E-1 7.72096E-1 7.53695E-1 7.55974E-1 7.45283E-1 6.57863E-1 6.37975E-1 6.59117E-1 6.59388E-1 -9999 -9999 -9999 -9999 -9999 6.97186E-1 7.95358E-1
-9999 -9999 -9999 -9999 -9999 -9999 -9999 2.50114E-1 2.29591E-1 2.16739E-1 2.24366E-1 3.37511E-1 3.59854E-1 3.21057E-1 3.31003E-1 3.71248E-1 4.94153E-1 4.47421E-1 4.3951E-1 4.62188E-1 5.1289E-1 5.94704E-1 6.02276E-1 5.741E-1 5.67551E-1 5.42349E-1 6.1128E-1 6.13309E-1 6.68373E-1 6.53132E-1 6.65667E-1 6.91032E-1 6.59204E-1 6.69241E-1 6.80039E-1 6.81424E-1 7.12006E-1 7.08014E-1 7.28206E-1 7.52393E-1 7.60746E-1 7.69136E-1 7.69008E-1 7.85363E-1 7.94186E-1 7.98088E-1 7.91033E-1 7.75161E-1 7.62044E-1 7.46255E-1 7.43448E-1 7.4717E-1 7.50433E-1 7.58446E-1 7.44622E-1 6.79593E-1 6.58702E-1 6.89036E-1 7.09746E-1 7.04555E-1 6.76425E-1 -9999 -9999 -9999 -9999 8.13455E-1
-9999 -9999 -9999 -9999 -9999 -9999 -9999 -9999 1.71459E-1 1.65438E-1 2.45426E-1 3.10212E-1 3.231E-1 3.6966E-1 4.03691E-1 5.1285E-1 5.0673E-1 4.42994E-1 4.73143E-1 5.38734E-1 5.62888E-1 5.84694E-1 6.386E-1 6.27348E-1 6.045E-1 5.60867E-1 5.95899E-1 6.21045E-1 6.45053E-1 6.64302E-1 6.85129E-1 6.65473E-1 6.6607E-1 6.52317E-1 6.65204E-1 6.68936E-1 7.14243E-1 7.22659E-1 7.19564E-1 7.24024E-1 7.48629E-1 7.63234E-1 7.73986E-1 7.90731E-1 8.01788E-1 7.87027E-1 8.08308E-1 8.0068E-1 7.72953E-1 7.51495E-1 7.32103E-1 7.38027E-1 7.29614E-1 7.51752E-1 7.4755E-1 6.9223E-1 6.63379E-1 6.70934E-1 7.08798E-1 7.17043E-1 -9999 -9999 -9999 -9999 -9999 -9999
-9999 -9999 -9999 -9999 -9999 -9999 -9999 -9999 1.93734E-1 1.96446E-1 2.26701E-1 2.24106E-1 3.56036E-1 4.18199E-1 4.82333E-1 5.62395E-1 4.92965E-1 4.59569E-1 5.27141E-1 5.69458E-1 5.45554E-1 6.13215E-1 5.74436E-1 6.05512E-1 6.13788E-1 5.94052E-1 6.0618E-1 6.36106E-1 6.54606E-1 7.20403E-1 6.99735E-1 6.70034E-1 6.60558E-1 6.42123E-1 6.63398E-1 6.94434E-1 6.98769E-1 6.92785E-1 7.28687E-1 7.22483E-1 7.35338E-1 7.44607E-1 7.41292E-1 7.50423E-1 7.77939E-1 7.95148E-1 8.23295E-1 7.9939E-1 7.68064E-1 7.36748E-1 7.37201E-1 7.47912E-1 7.67908E-1 7.39765E-1 7.1102E-1 6.73223E-1 6.4194E-1 6.76135E-1 6.71413E-1 -9999 -9999 -9999 -9999 -9999 -9999 -9999
-9999 -9999 -9999 -9999 -9999 -9999 -9999 -9999 5.29179E-1 2.09523E-1 4.85911E-1 3.35045E-1 3.569E-1 4.74328E-1 4.88628E-1 5.30519E-1 4.93554E-1 4.48635E-1 4.899E-1 5.05007E-1 4.88696E-1 5.56563E-1 5.10802E-1 5.63637E-1 5.91955E-1 5.61678E-1 5.86707E-1 6.22557E-1 6.52881E-1 7.0432E-1 7.09552E-1 7.0333E-1 6.76365E-1 6.76834E-1 6.71258E-1 6.58896E-1 6.7734E-1 6.91834E-1 7.01471E-1 7.20622E-1 7.32054E-1 7.50229E-1 7.59738E-1 7.64091E-1 7.98227E-1 8.01759E-1 8.10928E-1 7.94783E-1 7.8539E-1 7.61908E-1 7.5712E-1 7.85755E-1 7.68541E-1 7.42611E-1 7.11378E-1 6.80671E-1 6.645E-1 6.69153E-1 6.46344E-1 -9999 -9999 -9999 -9999 -9999 -9999 -9999
-9999 8.47467E-1 6.96734E-1 3.7956E-1 3.69424E-1 7.51285E-1 7.74477E-1 5.31948E-1 5.25561E-1 2.68358E-1 4.8081E-1 4.42268E-1 3.69614E-1 3.96244E-1 4.55238E-1 4.69782E-1 4.48106E-1 5.00154E-1 5.00676E-1 4.30573E-1 4.16095E-1 4.25773E-1 4.4742E-1 5.01843E-1 5.20297E-1 5.3636E-1 5.69399E-1 5.97328E-1 6.78624E-1 7.0201E-1 6.90999E-1 6.93943E-1 6.55319E-1 6.5582E-1 6.5533E-1 6.26193E-1 6.55191E-1 6.88073E-1 7.4998E-1 7.28143E-1 7.47016E-1 7.57684E-1 7.72235E-1 8.49334E-1 7.97191E-1 7.97137E-1 7.95026E-1 7.92657E-1 8.02649E-1 7.93718E-1 7.78921E-1 7.89196E-1 7.55592E-1 7.40262E-1 7.08551E-1 6.85483E-1 6.78159E-1 6.47917E-1 6.62376E-1 7.04765E-1 7.21317E-1 -9999 -9999 -9999 -9999 -9999
7.35915E-1 7.01339E-1 7.22619E-1 6.39337E-1 5.64327E-1 8.52918E-1 7.14585E-1 3.98315E-1 3.05048E-1 2.16402E-1 2.31659E-1 3.67688E-1 5.14236E-1 5.13331E-1 4.34351E-1 4.31857E-1 4.22661E-1 6.10055E-1 5.98435E-1 3.72542E-1 3.69356E-1 3.86719E-1 4.37879E-1 4.84116E-1 5.1705E-1 5.35748E-1 5.83777E-1 6.0986E-1 6.95563E-1 6.9456E-1 6.95382E-1 6.7216E-1 6.82255E-1 6.63522E-1 6.42885E-1 6.31829E-1 6.32787E-1 6.57998E-1 6.75011E-1 7.12979E-1 7.7374E-1 7.98578E-1 8.135E-1 8.04078E-1 8.02331E-1 8.13507E-1 8.12551E-1 8.25619E-1 8.12215E-1 8.03507E-1 8.25458E-1 8.27352E-1 7.84305E-1 7.44517E-1 7.37183E-1 7.15208E-1 6.49503E-1 6.46079E-1 6.58176E-1 6.72367E-1 6.71346E-1 -9999 -9999 -9999 -9999 -9999
5.3972E-1 4.88417E-1 5.82601E-1 4.30262E-1 3.4558E-1 5.71912E-1 4.17629E-1 3.50783E-1 2.85576E-1 1.82998E-1 1.77217E-1 3.02947E-1 5.22449E-1 5.56461E-1 5.61308E-1 4.63769E-1 4.05441E-1 4.62921E-1 4.31935E-1 3.33068E-1 3.38158E-1 3.75382E-1 4.44289E-1 5.01228E-1 5.20704E-1 5.60547E-1 6.06416E-1 6.70769E-1 7.14231E-1 7.00258E-1 6.78665E-1 6.79233E-1 6.82413E-1 6.64991E-1 6.71986E-1 6.46635E-1 6.52006E-1 6.3906E-1 6.88058E-1 6.84816E-1 7.55356E-1 8.02682E-1 7.97601E-1 7.86273E-1 7.9918E-1 8.09244E-1 8.06507E-1 8.18652E-1 8.18263E-1 7.85791E-1 8.03106E-1 8.3176E-1 7.63347E-1 7.09405E-1 7.22257E-1 6.89387E-1 6.44327E-1 6.3669E-1 6.43788E-1 6.50314E-1 6.29446E-1 -9999 -9999 -9999 -9999 -9999
-9999 3.62012E-1 4.38882E-1 5.96337E-1 3.98374E-1 3.83758E-1 5.63869E-1 4.57414E-1 3.99794E-1 2.13499E-1 1.84037E-1 3.01884E-1 4.49331E-1 5.58337E-1 5.45705E-1 5.97426E-1 6.03258E-1 4.0335E-1 3.34834E-1 2.94892E-1 3.16206E-1 3.77509E-1 4.53658E-1 4.7506E-1 4.92413E-1 5.25659E-1 5.81667E-1 6.93039E-1 7.14997E-1 7.36583E-1 7.10025E-1 7.0068E-1 7.21488E-1 6.8597E-1 6.54436E-1 6.14562E-1 5.66117E-1 5.97604E-1 6.69281E-1 6.47985E-1 6.89404E-1 7.17922E-1 6.74981E-1 6.79946E-1 7.41477E-1 7.85125E-1 7.75044E-1 7.84529E-1 7.84745E-1 7.82202E-1 8.04702E-1 8.23996E-1 7.05868E-1 7.46002E-1 7.20328E-1 6.76323E-1 6.51424E-1 6.73834E-1 6.75686E-1 6.89304E-1 6.57637E-1 6.84095E-1 -9999 -9999 -9999 -9999
-9999 -9999 -9999 2.42112E-1 -9999 -9999 6.12084E-1 4.19869E-1 5.71695E-1 3.36918E-1 2.42648E-1 3.78207E-1 5.78957E-1 5.7996E-1 5.2656E-1 4.98735E-1 5.8158E-1 6.02228E-1 4.15921E-1 3.03602E-1 3.35919E-1 3.91258E-1 4.52696E-1 4.65666E-1 4.72373E-1 4.96497E-1 5.63548E-1 6.77079E-1 7.5247E-1 7.52649E-1 7.40398E-1 7.32718E-1 6.95373E-1 6.55424E-1 6.32354E-1 6.17762E-1 5.93282E-1 5.79952E-1 6.1107E-1 6.46744E-1 7.39733E-1 7.60112E-1 7.30969E-1 7.49356E-1 8.01259E-1 7.6959E-1 8.00824E-1 8.0231E-1 8.18412E-1 7.98261E-1 8.32698E-1 8.41653E-1 7.6099E-1 7.35666E-1 7.45607E-1 6.76305E-1 6.42086E-1 6.73514E-1 7.04731E-1 7.28889E-1 7.14E-1 7.38084E-1 -9999 -9999 -9999 -9999
-9999 -9999 -9999 -9999 -9999 6.45996E-1 5.56853E-1 5.17378E-1 5.51885E-1 4.22848E-1 3.31705E-1 2.61274E-1 4.46301E-1 5.94537E-1 4.18882E-1 4.32989E-1 7.06036E-1 7.16505E-1 5.68686E-1 3.40331E-1 3.47536E-1 3.95451E-1 4.34599E-1 4.49435E-1 4.80839E-1 5.07474E-1 6.22517E-1 6.66741E-1 6.67848E-1 7.53929E-1 7.70735E-1 7.37787E-1 6.50694E-1 6.41267E-1 5.98945E-1 5.89242E-1 6.22331E-1 6.0633E-1 7.04521E-1 7.52126E-1 8.11738E-1 7.9751E-1 6.65245E-1 7.53628E-1 6.84422E-1 7.40218E-1 7.4038E-1 7.67306E-1 7.71172E-1 8.01322E-1 8.05092E-1 7.90679E-1 6.99413E-1 7.37518E-1 7.07294E-1 6.05036E-1 5.8198E-1 5.96504E-1 6.63452E-1 6.75675E-1 6.55768E-1 6.76468E-1 -9999 -9999 -9999 -9999
-9999 -9999 3.25882E-1 4.81961E-1 5.07614E-1 5.69991E-1 5.2722E-1 5.39205E-1 5.58527E-1 4.62023E-1 3.48203E-1 3.10365E-1 -9999 2.74482E-1 3.30116E-1 3.72777E-1 3.81591E-1 5.24057E-1 2.75146E-1 1.80139E-1 2.28064E-1 2.6327E-1 3.04251E-1 3.77093E-1 4.00848E-1 4.83934E-1 5.88112E-1 5.80808E-1 5.92472E-1 6.75378E-1 7.12807E-1 6.88105E-1 6.65101E-1 6.68373E-1 6.78702E-1 6.76258E-1 6.93549E-1 6.87007E-1 6.94987E-1 6.32545E-1 5.75074E-1 5.08398E-1 4.90417E-1 4.80337E-1 5.26508E-1 6.23519E-1 6.67494E-1 6.41825E-1 7.10514E-1 6.8164E-1 8.15912E-1 7.58793E-1 7.32948E-1 7.79401E-1 7.47738E-1 5.95189E-1 5.43638E-1 5.39748E-1 6.15325E-1 -9999 6.26519E-1 6.30055E-1 -9999 -9999 -9999 -9999
-9999 -9999 -9999 4.2303E-1 5.0319E-1 4.70771E-1 4.22613E-1 3.88318E-1 3.88041E-1 4.53664E-1 4.2286E-1 -9999 -9999 1.95899E-1 2.30611E-1 2.77147E-1 4.64113E-1 5.21452E-1 4.59815E-1 1.51116E-1 1.58366E-1 2.09783E-1 1.94766E-1 2.94466E-1 3.35191E-1 4.39458E-1 5.35231E-1 6.02655E-1 5.93494E-1 6.25912E-1 6.3433E-1 7.06629E-1 7.16801E-1 7.36394E-1 6.7087E-1 6.13483E-1 7.02534E-1 6.59401E-1 5.88141E-1 5.17753E-1 4.50823E-1 4.05012E-1 4.04144E-1 3.8384E-1 3.87765E-1 4.54942E-1 5.4468E-1 5.52574E-1 7.23892E-1 6.77849E-1 8.2136E-1 7.6759E-1 7.37318E-1 8.62318E-1 8.90356E-1 6.31229E-1 5.69694E-1 5.66389E-1 5.76776E-1 -9999 -9999 6.11319E-1 -9999 -9999 -9999 -9999
-9999 -9999 -9999 -9999 3.26788E-1 3.43647E-1 5.90776E-1 4.93335E-1 3.8662E-1 3.76703E-1 4.44025E-1 3.68872E-1 -9999 1.97004E-1 1.1286E-1 2.24845E-1 2.23705E-1 8.28765E-2 6.41611E-2 7.50582E-2 1.12226E-1 3.07723E-1 3.98455E-1 3.2462E-1 3.21089E-1 3.99873E-1 6.50133E-1 7.26115E-1 6.16764E-1 5.82796E-1 5.53611E-1 5.61233E-1 6.32949E-1 6.23726E-1 5.42539E-1 5.29131E-1 5.7648E-1 6.57874E-1 4.72349E-1 4.20784E-1 3.60494E-1 3.75648E-1 4.35274E-1 4.2141E-1 4.08539E-1 4.34068E-1 4.85592E-1 5.86682E-1 7.10454E-1 5.92567E-1 6.918E-1 8.20945E-1 7.74641E-1 8.44269E-1 7.54094E-1 6.09715E-1 -9999 -9999 -9999 -9999 -9999 -9999 -9999 -9999 -9999 -9999
-9999 -9999 -9999 -9999 -9999 3.22669E-1 3.6201E-1 5.46869E-1 3.00532E-1 1.53133E-1 2.09043E-1 -9999 -9999 2.66917E-1 1.63724E-1 1.28423E-1 9.46373E-2 1.58101E-1 5.42036E-2 5.19443E-2 7.8874E-2 1.27118E-1 1.94507E-1 2.742E-1 3.35118E-1 3.89385E-1 4.28109E-1 3.83068E-1 3.78748E-1 4.0603E-1 5.17821E-1 5.11631E-1 5.00693E-1 5.49452E-1 5.22334E-1 5.31825E-1 5.18038E-1 4.78911E-1 4.12116E-1 3.76291E-1 3.48259E-1 3.56141E-1 3.93263E-1 3.94923E-1 4.07916E-1 3.90677E-1 4.53059E-1 5.64214E-1 6.16665E-1 5.33016E-1 5.1087E-1 6.55422E-1 7.41498E-1 5.70157E-1 5.46619E-1 -9999 -9999 -9999 -9999 -9999 -9999 -9999 -9999 -9999 -9999 -9999
-9999 -9999 -9999 -9999 -9999 -9999 1.52435E-1 1.28824E-1 6.18133E-2 -9999 -9999 -9999 -9999 -9999 2.35846E-1 2.38069E-1 4.84261E-1 4.13306E-1 1.04169E-1 5.23297E-2 6.35649E-2 7.32432E-2 1.04434E-1 1.53622E-1 1.52963E-1 1.4283E-1 1.85511E-1 2.20387E-1 2.59369E-1 2.98031E-1 3.13918E-1 3.84836E-1 3.83866E-1 4.46063E-1 4.38807E-1 4.6425E-1 5.03803E-1 4.36622E-1 4.06608E-1 3.80887E-1 3.3634E-1 3.86295E-1 3.81837E-1 4.2356E-1 3.95684E-1 3.77504E-1 3.36245E-1 3.89918E-1 4.65011E-1 5.91113E-1 4.38057E-1 4.62187E-1 4.92412E-1 4.88964E-1 4.86981E-1 4.80595E-1 -9999 -9999 -9999 -9999 -9999 -9999 -9999 -9999 -9999 -9999
-9999 -9999 -9999 -9999 -9999 -9999 -9999 -9999 -9999 -9999 -9999 -9999 -9999 -9999 2.31862E-1 3.26231E-1 7.49256E-1 4.14088E-1 1.30578E-1 6.20072E-2 1.06517E-1 2.22033E-1 3.03711E-1 3.62679E-1 2.74966E-1 2.03439E-1 2.1345E-1 2.29122E-1 1.98645E-1 2.41514E-1 2.20733E-1 2.15212E-1 2.63047E-1 3.0417E-1 3.62252E-1 3.70839E-1 4.77351E-1 4.48481E-1 4.27345E-1 3.7044E-1 4.26155E-1 4.58472E-1 4.91426E-1 3.33784E-1 3.8041E-1 3.72711E-1 5.90522E-1 7.7123E-1 6.32857E-1 5.59047E-1 5.0255E-1 4.2801E-1 4.18549E-1 4.15074E-1 4.26305E-1 -9999 -9999 -9999 -9999 -9999 -9999 -9999 -9999 -9999 -9999 -9999
-9999 -9999 -9999 -9999 -9999 -9999 -9999 -9999 -9999 -9999 -9999 -9999 -9999 1.66969E-1 1.92243E-1 4.17123E-1 6.99782E-1 4.57329E-1 2.16266E-1 1.56182E-1 2.82457E-1 3.50351E-1 4.72543E-1 3.51062E-1 3.59998E-1 3.45101E-1 3.28261E-1 2.41623E-1 1.8543E-1 1.7218E-1 1.88477E-1 1.53748E-1 2.11741E-1 3.53759E-1 2.49278E-1 3.32552E-1 3.97595E-1 4.01772E-1 4.60037E-1 4.9009E-1 4.97378E-1 5.28142E-1 4.0063E-1 2.59711E-1 2.50038E-1 4.56073E-1 7.99956E-1 8.27145E-1 6.68109E-1 5.11567E-1 4.11595E-1 3.277E-1 3.2786E-1 3.53631E-1 -9999 -9999 -9999 -9999 -9999 -9999 -9999 -9999 -9999 -9999 -9999 -9999
-9999 -9999 -9999 -9999 -9999 -9999 -9999 -9999 -9999 -9999 -9999 -9999 -9999 9.49508E-2 1.1593E-1 4.57595E-1 6.48684E-1 4.13258E-1 3.17796E-1 1.66169E-1 1.77897E-1 2.07645E-1 2.78629E-1 2.83229E-1 2.425E-1 2.88824E-1 2.79606E-1 2.50771E-1 1.4236E-1 1.40165E-1 1.26559E-1 1.31317E-1 1.33631E-1 2.24536E-1 1.77567E-1 3.30561E-1 3.54075E-1 4.726E-1 5.28834E-1 4.74804E-1 4.76832E-1 4.72756E-1 3.70883E-1 2.9657E-1 4.99147E-1 6.327E-1 8.00729E-1 8.42411E-1 4.24438E-1 4.27304E-1 4.15647E-1 -9999 2.98863E-1 -9999 -9999 -9999 -9999 -9999 -9999 -9999 -9999 -9999 -9999 -9999 -9999 -9999
-9999 -9999 -9999 -9999 -9999 -9999 -9999 -9999 -9999 -9999 -9999 -9999 -9999 7.04017E-2 7.85191E-2 1.04305E-1 6.8003E-1 4.20939E-1 4.04003E-1 4.81138E-1 3.9228E-1 1.85516E-1 1.17958E-1 1.30562E-1 1.57612E-1 1.95639E-1 2.28941E-1 2.06657E-1 1.783E-1 1.73234E-1 1.6098E-1 2.03042E-1 1.51173E-1 1.46881E-1 1.24558E-1 2.4028E-1 3.06804E-1 4.92884E-1 5.4992E-1 4.916E-1 4.81215E-1 4.90806E-1 5.32747E-1 4.66164E-1 7.07692E-1 5.9245E-1 5.65808E-1 7.57269E-1 4.39937E-1 2.97763E-1 2.85618E-1 -9999 -9999 -9999 -9999 -9999 -9999 -9999 -9999 -9999 -9999 -9999 -9999 -9999 -9999 -9999
-9999 -9999 -9999 -9999 -9999 -9999 -9999 -9999 -9999 -9999 -9999 -9999 -9999 4.23391E-2 4.23574E-2 1.81246E-1 5.22998E-1 4.20638E-1 3.24823E-1 3.62667E-1 2.85763E-1 1.40365E-1 8.55172E-2 1.20425E-1 1.31988E-1 1.56925E-1 1.51614E-1 1.33889E-1 9.17746E-2 1.09146E-1 1.2709E-1 1.37471E-1 1.93887E-1 8.1341E-2 1.03675E-1 2.17227E-1 2.81351E-1 3.26699E-1 4.13536E-1 3.91692E-1 3.50524E-1 4.39729E-1 4.64893E-1 6.44856E-1 7.09936E-1 5.07516E-1 4.19813E-1 7.91845E-1 4.37806E-1 -9999 -9999 -9999 -9999 -9999 -9999 -9999 -9999 -9999 -9999 -9999 -9999 -9999 -9999 -9999 -9999 -9999
-9999 -9999 -9999 -9999 -9999 -9999 -9999 -9999 -9999 -9999 -9999 -9999 -9999 -9999 6.16636E-2 3.98474E-1 4.11563E-1 2.97866E-1 2.7602E-1 2.37609E-1 2.40689E-1 2.35178E-1 1.55575E-1 1.87881E-1 2.45157E-1 1.90063E-1 8.68545E-2 7.52995E-2 7.2219E-2 1.02202E-1 9.89837E-2 1.15516E-1 8.91946E-2 7.30179E-2 7.36686E-2 1.2702E-1 2.08091E-1 3.13282E-1 3.30177E-1 3.25978E-1 3.97056E-1 4.81501E-1 5.07615E-1 6.84492E-1 5.82249E-1 3.18258E-1 4.00536E-1 4.14664E-1 4.87668E-1 -9999 -9999 -9999 -9999 -9999 -9999 -9999 -9999 -9999 -9999 -9999 -9999 -9999 -9999 -9999 -9999 -9999
-9999 -9999 -9999 -9999 -9999 -9999 -9999 -9999 -9999 -9999 -9999 -9999 -9999 -9999 1.01156E-1 6.58389E-1 4.81752E-1 3.59669E-1 2.7715E-1 1.69134E-1 1.37117E-1 1.54898E-1 1.9812E-1 2.77082E-1 5.07913E-1 4.59518E-1 1.341E-1 6.52592E-2 9.46061E-2 1.11388E-1 1.24376E-1 9.34189E-2 9.81351E-2 7.77204E-2 7.17905E-2 1.01486E-1 8.62816E-2 2.87307E-1 2.98303E-1 2.3696E-1 1.70565E-1 2.79665E-1 5.94928E-1 7.31403E-1 3.72335E-1 1.88668E-1 1.98114E-1 1.83433E-1 -9999 -9999 -9999 -9999 -9999 -9999 -9999 -9999 -9999 -9999 -9999 -9999 -9999 -9999 -9999 -9999 -9999 -9999
-9999 -9999 -9999 -9999 -9999 -9999 -9999 -9999 -9999 -9999 -9999 -9999 -9999 -9999 8.44221E-2 2.59564E-1 5.65611E-1 3.29154E-1 2.15522E-1 2.04074E-1 1.70298E-1 9.43103E-2 8.33492E-2 1.50831E-1 3.17814E-1 3.33929E-1 1.73715E-1 8.23646E-2 8.11204E-2 1.04722E-1 1.07853E-1 9.13439E-2 7.15318E-2 6.37939E-2 5.21498E-2 8.55219E-2 7.21277E-2 1.16384E-1 1.67361E-1 8.89182E-2 1.54467E-1 3.66736E-1 7.00482E-1 7.17654E-1 2.40529E-1 1.46622E-1 1.51301E-1 -9999 -9999 -9999 -9999 -9999 -9999 -9999 -9999 -9999 -9999 -9999 -9999 -9999 -9999 -9999 -9999 -9999 -9999 -9999
-9999 -9999 -9999 -9999 -9999 -9999 -9999 -9999 -9999 -9999 -9999 -9999 -9999 -9999 1.00727E-1 2.45463E-1 6.58494E-1 4.4956E-1 2.92547E-1 1.44656E-1 1.5722E-1 7.77534E-2 4.12789E-2 5.01265E-2 1.27406E-1 2.27698E-1 2.80743E-1 2.15232E-1 2.33918E-1 2.89573E-1 3.35528E-1 2.4038E-1 7.53031E-2 4.64067E-2 4.42631E-2 1.30826E-1 1.2259E-1 7.41534E-2 1.3063E-1 7.53898E-2 4.35201E-1 5.32748E-1 4.37397E-1 1.23812E-1 1.18176E-1 -9999 -9999 -9999 -9999 -9999 -9999 -9999 -9999 -9999 -9999 -9999 -9999 -9999 -9999 -9999 -9999 -9999 -9999 -9999 -9999 -9999
-9999 -9999 -9999 -9999 -9999 -9999 -9999 -9999 -9999 -9999 -9999 -9999 -9999 -9999 -9999 8.69577E-2 6.80493E-1 4.06594E-1 2.7134E-1 1.00361E-1 6.17247E-2 5.72494E-2 4.36806E-2 2.88143E-2 5.28962E-2 7.34415E-2 1.05729E-1 2.60744E-1 3.22669E-1 3.37978E-1 2.48867E-1 1.26875E-1 4.25396E-2 2.5535E-2 2.38949E-2 3.2515E-2 5.0768E-2 7.19101E-2 9.01817E-2 2.51118E-1 1.8286E-1 1.46019E-1 9.6188E-2 9.50872E-2 -9999 -9999 -9999 -9999 -9999 -9999 -9999 -9999 -9999 -9999 -9999 -9999 -9999 -9999 -9999 -9999 -9999 -9999 -9999 -9999 -9999 -9999
-9999 -9999 -9999 -9999 -9999 -9999 -9999 -9999 -9999 -9999 -9999 -9999 -9999 -9999 -9999 5.92702E-2 6.3719E-1 3.86517E-1 2.27512E-1 1.45578E-1 6.39692E-2 4.61466E-2 4.80559E-2 5.70033E-2 3.8119E-2 4.43742E-2 5.20601E-2 1.5675E-1 2.85442E-1 2.68827E-1 1.61005E-1 7.85346E-2 2.53431E-2 1.89796E-2 1.82457E-2 2.04357E-2 2.69316E-2 5.50678E-2 9.5797E-2 8.0978E-2 3.73361E-2 4.07557E-2 -9999 -9999 -9999 -9999 -9999 -9999 -9999 -9999 -9999 -9999 -9999 -9999 -9999 -9999 -9999 -9999 -9999 -9999 -9999 -9999 -9999 -9999 -9999 -9999
